# PDG2025 list including hadrons and charm
#         pdgid                name         stable      mass[GeV]     degeneracy     statistics              B              Q              S              C            |S|            |C|     width[GeV] threshold[GeV]
            111                  pi0             1       0.134977              1             -1              0              0              0              0              0              0       7.81e-09              0
            211                  pi+             1        0.13957              1             -1              0              1              0              0              0              0     2.5284e-17       0.139571
            221                  eta             0       0.547862              1             -1              0              0              0              0        1.33333              0       1.31e-06       0.240882
        9000221            f(0)(500)             0            0.6              0             -1              0              0              0              0              0              0           0.45       0.276078
            213            rho(770)+             0        0.77511              3             -1              0              1              0              0              0              0         0.1491       0.274547
            113            rho(770)0             0        0.77526              3             -1              0              0              0              0              0              0         0.1474       0.279141
            223           omega(782)             0        0.78266              3             -1              0              0              0              0              0              0        0.00868       0.388407
            331            eta'(958)             0        0.95778              1             -1              0              0              0              0        0.66667              0       0.000188       0.789192
        9000111           a(0)(980)0             0           0.98              1             -1              0              0              0              0              0              0          0.075       0.682839
        9000211           a(0)(980)+             0           0.98              1             -1              0              1              0              0              0              0          0.075       0.687432
        9010221            f(0)(980)             0           0.99              1             -1              0              0              0              0              0              0           0.06       0.276079
            333            phi(1020)             0        1.01946              3             -1              0              0              0              0              2              0       0.004249       0.896708
          10223           h(1)(1170)             0          1.166              3             -1              0              0              0              0              0              0          0.375       0.913299
          10113          b(1)(1235)0             0         1.2295              3             -1              0              0              0              0              0              0          0.142       0.917627
          10213          b(1)(1235)+             0         1.2295              3             -1              0              1              0              0              0              0          0.142        0.92222
          20113          a(1)(1260)0             0           1.23              3             -1              0              0              0              0              0              0           0.42        0.91483
          20213          a(1)(1260)+             0           1.23              3             -1              0              1              0              0              0              0           0.42       0.912534
            225           f(2)(1270)             0         1.2754              5             -1              0              0              0              0              0              0         0.1866       0.340443
          20223           f(1)(1285)             0         1.2818              3             -1              0              0              0              0              0              0          0.023        0.92385
         100221            eta(1295)             0          1.294              1             -1              0              0              0              0              0              0          0.055       0.823941
         100111            pi(1300)0             0            1.3              1             -1              0              0              0              0              0              0            0.4        0.91483
         100211            pi(1300)+             0            1.3              1             -1              0              1              0              0              0              0            0.4       0.912534
            115          a(2)(1320)0             0         1.3182              5             -1              0              0              0              0              0              0          0.107       0.900369
            215          a(2)(1320)+             0         1.3182              5             -1              0              1              0              0              0              0          0.107       0.898943
          10221           f(0)(1370)             0           1.35              1             -1              0              0              0              0              0              0           0.35       0.276079
        9020221            eta(1405)             0         1.4087              1             -1              0              0              0              0            0.8              0         0.0503         1.0861
          10333           h(1)(1415)             0          1.409              3             -1              0              0              0              0              0              0          0.078       0.913299
         100223          omega(1420)             0           1.41              3             -1              0              0              0              0              0              0           0.29       0.913299
          20333           f(1)(1420)             0         1.4284              3             -1              0              0              0              0              2              0         0.0567        1.39117
          10111          a(0)(1450)0             0          1.439              1             -1              0              0              0              0              0              0          0.258       0.922295
          10211          a(0)(1450)+             0          1.439              1             -1              0              1              0              0              0              0          0.258       0.925364
         100113           rho(1450)0             0          1.465              3             -1              0              0              0              0              0              0            0.4       0.279141
         100213           rho(1450)+             0          1.465              3             -1              0              1              0              0              0              0            0.4       0.274547
         100331            eta(1475)             0          1.476              1             -1              0              0              0              0              2              0          0.096        1.12856
            335          f(2)'(1525)             0         1.5173              5             -1              0              0              0              0              2              0          0.072       0.996861
        9030221           f(0)(1500)             0          1.522              1             -1              0              0              0              0              0              0          0.108       0.546332
        9010225           f(2)(1565)             0          1.571              5             -1              0              0              0              0              0              0          0.133       0.269954
          10225         eta(2)(1645)             0          1.617              5             -1              0              0              0              0              0              0          0.181        1.47656
        9010113         pi(1)(1600)0             0          1.645              3             -1              0              0              0              0              0              0           0.37        1.17956
        9010213         pi(1)(1600)+             0          1.645              3             -1              0              1              0              0              0              0           0.37        1.17956
        9020113          a(1)(1640)0             0          1.655              3             -1              0              0              0              0              0              0           0.25        1.16265
        9020213          a(1)(1640)+             0          1.655              3             -1              0              1              0              0              0              0           0.25         1.1638
            227       omega(3)(1670)             0          1.667              7             -1              0              0              0              0              0              0          0.168          0.986
          30223          omega(1650)             0           1.67              3             -1              0              0              0              0              0              0          0.315        1.10087
          10115         pi(2)(1670)0             0         1.6706              5             -1              0              0              0              0              0              0          0.258        1.22064
          10215         pi(2)(1670)+             0         1.6706              5             -1              0              1              0              0              0              0          0.258        1.22309
         100333            phi(1680)             0           1.68              3             -1              0              0              0              0              2              0           0.15        1.39117
            117        rho(3)(1690)0             0         1.6888              7             -1              0              0              0              0              0              0          0.161       0.557717
            217        rho(3)(1690)+             0         1.6888              7             -1              0              1              0              0              0              0          0.161       0.559918
        9000115          a(2)(1700)0             0          1.706              5             -1              0              0              0              0              0              0           0.38        1.16265
        9000215          a(2)(1700)+             0          1.706              5             -1              0              1              0              0              0              0           0.38         1.1638
          30113           rho(1700)0             0           1.72              3             -1              0              0              0              0              0              0           0.25       0.887513
          30213           rho(1700)+             0           1.72              3             -1              0              1              0              0              0              0           0.25        1.05096
          10331           f(0)(1710)             0          1.733              1             -1              0              0              0              0              0              0           0.15       0.787717
        9010111            pi(1800)0             0           1.81              1             -1              0              0              0              0              0              0          0.215         1.2901
        9010211            pi(1800)+             0           1.81              1             -1              0              1              0              0              0              0          0.215        1.29304
          10335           eta2(1870)             0          1.842              5             -1              0              0              0              0              0              0          0.225        1.47656
            337         phi(3)(1850)             0          1.854              7             -1              0              0              0              0              2              0          0.087        1.19123
          20115           pi2(1880)0             0          1.895              5             -1              0              0              0              0              0              0          0.237        1.67393
          20215           pi2(1880)+             0          1.895              5             -1              0              1              0              0              0              0          0.237        1.67439
        9050225           f(2)(1950)             0          1.936              5             -1              0              0              0              0              0              0          0.464       0.746671
            119          a(4)(1970)0             0          1.967              9             -1              0              0              0              0              0              0          0.324       0.834965
            219          a(4)(1970)+             0          1.967              9             -1              0              1              0              0              0              0          0.324       0.837262
        9050221           f(0)(2020)             0          1.982              1             -1              0              0              0              0              0              0           0.44       0.269954
        9060225           f(2)(2010)             0           2.01              5             -1              0              0              0              0              4              0            0.2        2.03892
            229           f(4)(2050)             0          2.018              9             -1              0              0              0              0              0              0          0.237        1.33509
        9070225           f(2)(2150)             0          2.157              5             -1              0              0              0              0              0              0          0.152       0.269954
         200333            phi(2170)             0          2.164              3             -1              0              0              0              0              2              0          0.088        1.99341
        9080225           f(2)(2300)             0          2.297              5             -1              0              0              0              0              4              0           0.15        2.03892
        9090225           f(2)(2340)             0          2.346              5             -1              0              0              0              0              4              0          0.331        2.03892
            321                   K+             1       0.493677              1             -1              0              1              1              0              1              0      5.317e-17       0.493678
            311                   K0             1       0.497611              1             -1              0              0              1              0              1              0              0       0.497611
            323             K*(892)+             0        0.89167              3             -1              0              1              1              0              1              0         0.0514       0.634339
            313             K*(892)0             0        0.89555              3             -1              0              0              1              0              1              0         0.0473       0.633028
          10313          K(1)(1270)0             0          1.253              3             -1              0              0              1              0              1              0           0.09        1.33418
          10323          K(1)(1270)+             0          1.253              3             -1              0              1              1              0              1              0           0.09        1.33418
          20313          K(1)(1400)0             0          1.403              3             -1              0              0              1              0              1              0          0.174         1.0594
          20323          K(1)(1400)+             0          1.403              3             -1              0              1              1              0              1              0          0.174        1.05934
         100313            K*(1410)0             0          1.414              3             -1              0              0              1              0              1              0          0.232        1.02132
         100323            K*(1410)+             0          1.414              3             -1              0              1              1              0              1              0          0.232         1.0215
            325         K(2)*(1430)+             0         1.4273              5             -1              0              1              1              0              1              0            0.1       0.881449
          10311         K(0)*(1430)0             0           1.43              1             -1              0              0              1              0              1              0           0.27       0.661899
          10321         K(0)*(1430)+             0           1.43              1             -1              0              1              1              0              1              0           0.27       0.634339
            315         K(2)*(1430)0             0         1.4324              5             -1              0              0              1              0              1              0          0.109       0.880784
         100311             K(1460)0             0           1.46              1             -1              0              0              1              0              1              0           0.26        1.03053
         100321             K(1460)+             0           1.46              1             -1              0              1              1              0              1              0           0.26        1.02665
        9000313          K(1)(1650)0             0           1.65              3             -1              0              0              1              0              1              0           0.15        1.03053
        9000323          K(1)(1650)+             0           1.65              3             -1              0              1              1              0              1              0           0.15        1.02665
          30313            K*(1680)0             0          1.718              3             -1              0              0              1              0              1              0           0.32       0.952754
          30323            K*(1680)+             0          1.718              3             -1              0              1              1              0              1              0           0.32       0.953678
          10315          K(2)(1770)0             0          1.773              5             -1              0              0              1              0              1              0          0.186        1.56704
          10325          K(2)(1770)+             0          1.773              5             -1              0              1              1              0              1              0          0.186        1.56874
            317         K(3)*(1780)0             0          1.779              7             -1              0              0              1              0              1              0          0.161        1.06797
            327         K(3)*(1780)+             0          1.779              7             -1              0              1              1              0              1              0          0.161        1.06768
          20315          K(2)(1820)0             0          1.819              5             -1              0              0              1              0              1              0          0.264        1.41349
          20325          K(2)(1820)+             0          1.819              5             -1              0              1              1              0              1              0          0.264        1.41195
        9020311         K(0)*(1950)0             0          1.957              1             -1              0              0              1              0              1              0           0.17       0.632588
        9020321         K(0)*(1950)+             0          1.957              1             -1              0              1              1              0              1              0           0.17       0.628654
        9010315         K(2)*(1980)0             0           1.99              5             -1              0              0              1              0              1              0          0.348       0.632588
        9010325         K(2)*(1980)+             0           1.99              5             -1              0              1              1              0              1              0          0.348       0.628654
            319         K(4)*(2045)0             0          2.048              9             -1              0              0              1              0              1              0          0.199        1.18667
            329         K(4)*(2045)+             0          2.048              9             -1              0              1              1              0              1              0          0.199        1.18717
           2212                    p             1       0.938272              2              1              1              1              0              0              0              0              0              0
           2112                    n             1       0.939565              2              1              1              0              0              0              0              0      7.493e-28       0.939566
           1114         Delta(1232)-             0          1.232              4              1              1             -1              0              0              0              0          0.117        1.07914
           2114         Delta(1232)0             0          1.232              4              1              1              0              0              0              0              0          0.117        1.07564
           2214         Delta(1232)+             0          1.232              4              1              1              1              0              0              0              0          0.117        1.07521
           2224        Delta(1232)++             0          1.232              4              1              1              2              0              0              0              0          0.117        1.07784
          12112             N(1440)0             0           1.44              2              1              1              0              0              0              0              0           0.35        1.20119
          12212             N(1440)+             0           1.44              2              1              1              1              0              0              0              0           0.35        1.20124
           1214             N(1520)0             0          1.515              4              1              1              0              0              0              0              0           0.11        1.23578
           2124             N(1520)+             0          1.515              4              1              1              1              0              0              0              0           0.11        1.23607
          22112             N(1535)0             0           1.53              2              1              1              0              0              0              0              0           0.15        1.31681
          22212             N(1535)+             0           1.53              2              1              1              1              0              0              0              0           0.15        1.31634
          31114         Delta(1600)-             0           1.57              4              1              1             -1              0              0              0              0           0.25        1.34644
          32114         Delta(1600)0             0           1.57              4              1              1              0              0              0              0              0           0.25        1.34745
          32214         Delta(1600)+             0           1.57              4              1              1              1              0              0              0              0           0.25        1.34738
          32224        Delta(1600)++             0           1.57              4              1              1              2              0              0              0              0           0.25        1.34624
           1112         Delta(1620)-             0           1.61              2              1              1             -1              0              0              0              0           0.13        1.30299
           1212         Delta(1620)0             0           1.61              2              1              1              0              0              0              0              0           0.13         1.3031
           2122         Delta(1620)+             0           1.61              2              1              1              1              0              0              0              0           0.13        1.30297
           2222        Delta(1620)++             0           1.61              2              1              1              2              0              0              0              0           0.13         1.3026
          32112             N(1650)0             0           1.65              2              1              1              0              0              0              0              0          0.125        1.24352
          32212             N(1650)+             0           1.65              2              1              1              1              0              0              0              0          0.125        1.24328
           2116             N(1675)0             0          1.675              6              1              1              0              0              0              0              0          0.145        1.24864
           2216             N(1675)+             0          1.675              6              1              1              1              0              0              0              0          0.145        1.24876
          12116             N(1680)0             0          1.685              6              1              1              0              0              0              0              0           0.12        1.18359
          12216             N(1680)+             0          1.685              6              1              1              1              0              0              0              0           0.12        1.18367
          11114         Delta(1700)-             0           1.71              4              1              1             -1              0              0              0              0            0.3        1.44925
          12114         Delta(1700)0             0           1.71              4              1              1              0              0              0              0              0            0.3        1.44959
          12214         Delta(1700)+             0           1.71              4              1              1              1              0              0              0              0            0.3        1.44939
          12224        Delta(1700)++             0           1.71              4              1              1              2              0              0              0              0            0.3        1.44863
          42112             N(1710)0             0           1.71              2              1              1              0              0              0              0              0           0.14        1.42743
          42212             N(1710)+             0           1.71              2              1              1              1              0              0              0              0           0.14        1.42651
          21214             N(1700)0             0           1.72              4              1              1              0              0              0              0              0            0.2        1.40002
          22124             N(1700)+             0           1.72              4              1              1              1              0              0              0              0            0.2        1.39978
          31214             N(1720)0             0           1.72              4              1              1              0              0              0              0              0           0.25        1.42165
          32124             N(1720)+             0           1.72              4              1              1              1              0              0              0              0           0.25        1.42115
          11112         Delta(1900)-             0           1.86              2              1              1             -1              0              0              0              0           0.25        1.39507
          11212         Delta(1900)0             0           1.86              2              1              1              0              0              0              0              0           0.25        1.39529
          12122         Delta(1900)+             0           1.86              2              1              1              1              0              0              0              0           0.25        1.39524
          12222        Delta(1900)++             0           1.86              2              1              1              2              0              0              0              0           0.25        1.39491
        9902114             N(1875)0             0          1.875              4              1              1              0              0              0              0              0            0.2        1.43306
        9902214             N(1875)+             0          1.875              4              1              1              1              0              0              0              0            0.2        1.43231
           1116         Delta(1905)-             0           1.88              6              1              1             -1              0              0              0              0           0.33        1.34685
           1216         Delta(1905)0             0           1.88              6              1              1              0              0              0              0              0           0.33        1.34874
           2126         Delta(1905)+             0           1.88              6              1              1              1              0              0              0              0           0.33        1.34871
           2226        Delta(1905)++             0           1.88              6              1              1              2              0              0              0              0           0.33        1.34674
        9902112             N(1880)0             0           1.88              2              1              1              0              0              0              0              0            0.3         1.4753
        9902212             N(1880)+             0           1.88              2              1              1              1              0              0              0              0            0.3        1.47418
        9912112             N(1895)0             0          1.895              2              1              1              0              0              0              0              0           0.12        1.52671
        9912212             N(1895)+             0          1.895              2              1              1              1              0              0              0              0           0.12        1.52517
          21112         Delta(1910)-             0            1.9              2              1              1             -1              0              0              0              0            0.3        1.34703
          21212         Delta(1910)0             0            1.9              2              1              1              0              0              0              0              0            0.3        1.34739
          22122         Delta(1910)+             0            1.9              2              1              1              1              0              0              0              0            0.3        1.34729
          22222        Delta(1910)++             0            1.9              2              1              1              2              0              0              0              0            0.3        1.34672
          21114         Delta(1920)-             0           1.92              4              1              1             -1              0              0              0              0            0.3        1.36647
          22114         Delta(1920)0             0           1.92              4              1              1              0              0              0              0              0            0.3        1.36778
          22214         Delta(1920)+             0           1.92              4              1              1              1              0              0              0              0            0.3        1.36772
          22224        Delta(1920)++             0           1.92              4              1              1              2              0              0              0              0            0.3        1.36627
        9912114             N(1900)0             0           1.92              4              1              1              0              0              0              0              0            0.2        1.48297
        9912214             N(1900)+             0           1.92              4              1              1              1              0              0              0              0            0.2        1.48226
           1118         Delta(1950)-             0           1.93              8              1              1             -1              0              0              0              0           0.28        1.28403
           2118         Delta(1950)0             0           1.93              8              1              1              0              0              0              0              0           0.28        1.28326
           2218         Delta(1950)+             0           1.93              8              1              1              1              0              0              0              0           0.28        1.28306
           2228        Delta(1950)++             0           1.93              8              1              1              2              0              0              0              0           0.28        1.28345
          11116         Delta(1930)-             0           1.95              6              1              1             -1              0              0              0              0            0.3        1.46832
          11216         Delta(1930)0             0           1.95              6              1              1              0              0              0              0              0            0.3        1.46876
          12126         Delta(1930)+             0           1.95              6              1              1              1              0              0              0              0            0.3        1.46855
          12226        Delta(1930)++             0           1.95              6              1              1              2              0              0              0              0            0.3         1.4677
        9902116             N(2060)0             0            2.1              6              1              1              0              0              0              0              0            0.4        1.57815
        9902216             N(2060)+             0            2.1              6              1              1              1              0              0              0              0            0.4        1.57795
        9922112             N(2100)0             0            2.1              2              1              1              0              0              0              0              0           0.26          1.522
        9922212             N(2100)+             0            2.1              2              1              1              1              0              0              0              0           0.26        1.52153
        9922114             N(2120)0             0           2.12              4              1              1              0              0              0              0              0            0.3        1.44676
        9922214             N(2120)+             0           2.12              4              1              1              1              0              0              0              0            0.3        1.44648
           1218             N(2190)0             0           2.18              8              1              1              0              0              0              0              0            0.4        1.45795
           2128             N(2190)+             0           2.18              8              1              1              1              0              0              0              0            0.4        1.45763
        9901118         Delta(2200)-             0            2.2              8              1              1             -1              0              0              0              0           0.35        1.46832
        9901218         Delta(2200)0             0            2.2              8              1              1              0              0              0              0              0           0.35        1.46876
        9902128         Delta(2200)+             0            2.2              8              1              1              1              0              0              0              0           0.35        1.46855
        9902228        Delta(2200)++             0            2.2              8              1              1              2              0              0              0              0           0.35         1.4677
       99021110             N(2220)0             0          2.225             10              1              1              0              0              0              0              0            0.4        1.35159
       99022110             N(2220)+             0          2.225             10              1              1              1              0              0              0              0            0.4        1.35142
       99121110             N(2250)0             0           2.28             10              1              1              0              0              0              0              0            0.5        1.47246
       99122110             N(2250)+             0           2.28             10              1              1              1              0              0              0              0            0.5        1.47233
       99011112         Delta(2420)-             0           2.42             12              1              1             -1              0              0              0              0            0.4        1.41253
       99012112         Delta(2420)0             0           2.42             12              1              1              0              0              0              0              0            0.4        1.41378
       99021212         Delta(2420)+             0           2.42             12              1              1              1              0              0              0              0            0.4        1.41374
       99022212        Delta(2420)++             0           2.42             12              1              1              2              0              0              0              0            0.4        1.41242
       99021112             N(2600)0             0            2.6             12              1              1              0              0              0              0              0           0.65        1.49207
       99022112             N(2600)+             0            2.6             12              1              1              1              0              0              0              0           0.65        1.49184
           3122               Lambda             1        1.11568              2              1              1              0             -1              0              1              0      2.515e-15        1.07666
           3222               Sigma+             1        1.18937              2              1              1              1             -1              0              1              0      8.209e-15         1.0761
           3212               Sigma0             0        1.19264              2              1              1              0             -1              0              1              0        8.9e-06        1.11568
           3112               Sigma-             1        1.19745              2              1              1             -1             -1              0              1              0       4.45e-15        1.07914
           3224         Sigma(1385)+             0        1.38283              4              1              1              1             -1              0              1              0         0.0362        1.26402
           3214         Sigma(1385)0             0         1.3837              4              1              1              0             -1              0              1              0          0.036        1.26054
           3114         Sigma(1385)-             0         1.3872              4              1              1             -1             -1              0              1              0         0.0394         1.2645
          13122         Lambda(1405)             0         1.4051              2              1              1              0             -1              0              1              0         0.0505        1.33119
           3124         Lambda(1520)             0          1.519              4              1              1              0             -1              0              1              0          0.016        1.38401
          23122         Lambda(1600)             0            1.6              2              1              1              0             -1              0              1              0            0.2        1.39752
          13112         Sigma(1660)-             0           1.66              2              1              1             -1             -1              0              1              0            0.2        1.36646
          13212         Sigma(1660)0             0           1.66              2              1              1              0             -1              0              1              0            0.2        1.36453
          13222         Sigma(1660)+             0           1.66              2              1              1              1             -1              0              1              0            0.2        1.36389
          33122         Lambda(1670)             0          1.674              2              1              1              0             -1              0              1              0           0.03        1.42535
          13114         Sigma(1670)-             0          1.675              4              1              1             -1             -1              0              1              0           0.07        1.33709
          13214         Sigma(1670)0             0          1.675              4              1              1              0             -1              0              1              0           0.07        1.33683
          13224         Sigma(1670)+             0          1.675              4              1              1              1             -1              0              1              0           0.07         1.3352
          13124         Lambda(1690)             0           1.69              4              1              1              0             -1              0              1              0           0.07        1.39979
          23112         Sigma(1750)-             0           1.75              2              1              1             -1             -1              0              1              0           0.15        1.52725
          23212         Sigma(1750)0             0           1.75              2              1              1              0             -1              0              1              0           0.15        1.52432
          23222         Sigma(1750)+             0           1.75              2              1              1              1             -1              0              1              0           0.15        1.52288
           3116         Sigma(1775)-             0          1.775              6              1              1             -1             -1              0              1              0           0.12        1.45344
           3216         Sigma(1775)0             0          1.775              6              1              1              0             -1              0              1              0           0.12        1.45244
           3226         Sigma(1775)+             0          1.775              6              1              1              1             -1              0              1              0           0.12        1.45418
          53122         Lambda(1810)             0           1.79              2              1              1              0             -1              0              1              0           0.11         1.5777
          43122         Lambda(1800)             0            1.8              2              1              1              0             -1              0              1              0            0.2        1.39248
           3126         Lambda(1820)             0           1.82              6              1              1              0             -1              0              1              0           0.08        1.42652
          13126         Lambda(1830)             0          1.825              6              1              1              0             -1              0              1              0           0.09        1.41161
          23124         Lambda(1890)             0           1.89              4              1              1              0             -1              0              1              0           0.12        1.49758
          23114         Sigma(1910)-             0           1.91              4              1              1             -1             -1              0              1              0           0.22        1.33351
          23214         Sigma(1910)0             0           1.91              4              1              1              0             -1              0              1              0           0.22        1.33394
          23224         Sigma(1910)+             0           1.91              4              1              1              1             -1              0              1              0           0.22        1.33001
          13116         Sigma(1915)-             0          1.915              6              1              1             -1             -1              0              1              0           0.12        1.39988
          13216         Sigma(1915)0             0          1.915              6              1              1              0             -1              0              1              0           0.12        1.39869
          13226         Sigma(1915)+             0          1.915              6              1              1              1             -1              0              1              0           0.12        1.39954
           3118         Sigma(2030)-             0           2.03              8              1              1             -1             -1              0              1              0           0.18        1.49686
           3218         Sigma(2030)0             0           2.03              8              1              1              0             -1              0              1              0           0.18        1.49544
           3228         Sigma(2030)+             0           2.03              8              1              1              1             -1              0              1              0           0.18        1.49639
          23126         Lambda(2110)             0           2.09              6              1              1              0             -1              0              1              0           0.25         1.5986
           3128         Lambda(2100)             0            2.1              8              1              1              0             -1              0              1              0            0.2         1.5718
       99031210         Lambda(2350)             0           2.35             10              1              1              0             -1              0              1              0           0.15         1.6322
           3322                  Xi0             1        1.31486              2              1              1              0             -2              0              2              0       2.27e-15        1.25066
           3312                  Xi-             1        1.32171              2              1              1             -1             -2              0              2              0       4.02e-15        1.25525
           3324            Xi(1530)0             0         1.5318              4              1              1              0             -2              0              2              0         0.0091        1.45747
           3314            Xi(1530)-             0          1.535              4              1              1             -1             -2              0              2              0         0.0099        1.45518
         203312            Xi(1690)-             0           1.69              2              1              1             -1             -2              0              2              0           0.02         1.5858
         203322            Xi(1690)0             0           1.69              2              1              1              0             -2              0              2              0           0.02        1.58568
          13314            Xi(1820)-             0          1.823              4              1              1             -1             -2              0              2              0          0.024        1.60936
          13324            Xi(1820)0             0          1.823              4              1              1              0             -2              0              2              0          0.024        1.61329
         103316            Xi(1950)-             0           1.95              6              1              1             -1             -2              0              2              0           0.06        1.53227
         103326            Xi(1950)0             0           1.95              6              1              1              0             -2              0              2              0           0.06        1.53538
         203316            Xi(2030)-             0          2.025              6              1              1             -1             -2              0              2              0           0.02        1.67559
         203326            Xi(2030)0             0          2.025              6              1              1              0             -2              0              2              0           0.02        1.67102
           3334                Omega             1        1.67245              4              1              1             -1             -3              0              3              0       8.02e-15        1.55967
        9903334          Omega(2012)             0         2.0124              4              1              1             -1             -3              0              3              0         0.0064        1.81932
         203338          Omega(2250)             0          2.252              8              1              1             -1             -3              0              3              0          0.055        2.02548
# PDG2025: charmed hadrons
#         pdgid                name         stable      mass[GeV]     degeneracy     statistics              B              Q              S              C            |S|            |C|     width[GeV] threshold[GeV]
# h_c(1P) width updated to 0.78 MeV (PDG2025: 0.78  0.28 MeV)
# Additional charmonium from PDG2025 RPP Summary Tables
# psi_2(3823): JPC=2-- confirmed. Below D*D threshold, decays radiatively. Width is 90% CL upper limit
# psi_3(3842): JPC=3-- confirmed. Decays to D+D-, D0D0bar
# chi_c1(3872): JPC=1++ (aka X(3872)). Exotic candidate at D*D threshold
# chi_c0(3915): JPC=0++ (was X(3915)). Decays to omega J/psi, D+D-
# chi_c1(4140): JPC=1++ (was Y(4140)). Seen in phi J/psi. Exotic candidate
# psi(4230): JPC=1-- (was Y(4260)). Seen in pi+pi- J/psi
# chi_c1(4274): JPC=1++ (was X(4274)). Seen in phi J/psi
# psi(4360): JPC=1-- (was Y(4360)). Seen in pi+pi- psi(2S)
# psi(4660): JPC=1-- (was Y(4660)). Seen in pi+pi- psi(2S)
# D(1)(2420)+ mass updated to 2.4221 GeV (PDG2025: 2422.1  0.5 MeV)
# D*3(2750): JP=3- established from PDG2025 RPP Summary Tables. Decays to D pi, D* pi
# D*s1(2700): JP=1- established. Decays to DK, D*K
# D*s3(2860): JP=3- established. Decays to DK, D*K
# Sigma_c(2800): JP=?? in RPP. Assigned JP=3/2- (deg=4) as 1P excitation of Sigma_c.
#   Quark model predicts 3/2- or 5/2-. Broad width (~70 MeV) favors lower J.
#   Analogous to Sigma(1670) [3/2-, width~60 MeV] in light sector.
#   Decays: Lambda_c pi (only observed mode)
# Lambda_c(2625)+: official PDG MCID 104122 has last digit 2 (J=1/2 encoded),
#   but actual J^P = 3/2- (deg=4). Historical PDG MC numbering; MCID not updated.
# Xi_c(2790) and Xi_c(2815): official PDG MCIDs have swapped last digits.
#   MCID 104324/104314 -> last digit 4 (J=3/2) but actual Xi_c(2790) J^P = 1/2-.
#   MCID 104322/104312 -> last digit 2 (J=1/2) but actual Xi_c(2815) J^P = 3/2-.
#   Historical: J assignments were swapped after MCIDs were frozen. MCIDs kept as official.
# Xi_c(3055): JP=?? in RPP. Assigned JP=3/2+ (deg=4) as D-wave (L=2) excitation.
#   Narrow width (7.8 MeV) consistent with D-wave. Only + charge state observed.
#   Decays: Sigma_c(2455)++ K-, Lambda D+
# Xi_c(3080): JP=?? in RPP. Assigned JP=5/2+ (deg=6) as D-wave partner of Xi_c(3055).
#   Narrow width (3.6-5.6 MeV) consistent with higher-J D-wave state.
#   Decays: Sigma_c(2455) K, Sigma_c(2520) K, Lambda D+
# Omega_c(3000-3120): JP=?? in RPP. All five discovered by LHCb (2017) in Xi_c+ K-.
#   Interpreted as 1P (L=1) excitation quintuplet of Omega_c(ssc).
#   Assigned JP following QCD sum rules (Wang et al., EPJC 77, 2017):
#     Omega_c(3000): 1/2- (deg=2), Omega_c(3050): 1/2- (deg=2),
#     Omega_c(3065): 3/2- (deg=4), Omega_c(3090): 3/2- (deg=4),
#     Omega_c(3120): 5/2- (deg=6)
#   Mass ordering with increasing J is physically natural for P-wave multiplet.
#   Some quark models swap assignments between states; total degeneracy sum is robust.
# Omega_c(3185): JP=?? in RPP. Assigned JP=1/2+ (deg=2) as 2S radial excitation.
#   Broad width (50 MeV) favors lower J. Decays: Xi_c+ K-
# Omega_c(3327): JP=?? in RPP. Assigned JP=3/2+ (deg=4) as 1D excitation.
#   Moderate width (20 MeV) consistent with D-wave. Decays: Xi_c+ K-
            441           eta(c)(1S)             0         2.9841              1             -1              0              0              0              0              0              2         0.0305       0.414117
            443            J/psi(1S)             0         3.0969              3             -1              0              0              0              0              0              2       9.26e-05       0.414117
          10441          chi(c0)(1P)             0        3.41471              1             -1              0              0              0              0              0              2         0.0109       0.414117
          20443          chi(c1)(1P)             0        3.51067              3             -1              0              0              0              0              0              2        0.00084       0.414117
          10443             h(c)(1P)             0        3.52538              3             -1              0              0              0              0              0              2        0.00078       0.414117
            445          chi(c2)(1P)             0        3.55617              5             -1              0              0              0              0              0              2        0.00197       0.414117
         100441           eta(c)(2S)             0         3.6378              1             -1              0              0              0              0              0              2         0.0116       0.414117
         100443              psi(2S)             0        3.68610              3             -1              0              0              0              0              0              2       0.000293       0.414117
          30443            psi(3770)             0         3.7737              3             -1              0              0              0              0              0              2         0.0272       0.414117
         100445        chi(c2)(3930)             0         3.9225              5             -1              0              0              0              0              0              2         0.0353       0.414117
        9000443            psi(4040)             0          4.040              3             -1              0              0              0              0              0              2          0.085       0.414117
        9010443            psi(4160)             0          4.191              3             -1              0              0              0              0              0              2          0.069       0.414117
          30445         psi(2)(3823)             0        3.82351              5             -1              0              0              0              0              0              2         0.0029       0.414117
            447         psi(3)(3842)             0        3.84271              7             -1              0              0              0              0              0              2         0.0028       0.414117
        9030443        chi(c1)(3872)             0        3.87164              3             -1              0              0              0              0              0              2        0.00119       0.414117
        9040441        chi(c0)(3915)             0         3.9221              1             -1              0              0              0              0              0              2           0.02       0.414117
        9020443            psi(4415)             0          4.415              3             -1              0              0              0              0              0              2           0.11       0.414117
        9050443        chi(c1)(4140)             0         4.1465              3             -1              0              0              0              0              0              2          0.019       0.414117
        9060443            psi(4230)             0         4.2222              3             -1              0              0              0              0              0              2          0.051       0.414117
        9070443        chi(c1)(4274)             0          4.286              3             -1              0              0              0              0              0              2          0.051       0.414117
        9080443            psi(4360)             0          4.374              3             -1              0              0              0              0              0              2           0.12       0.414117
        9090443            psi(4660)             0          4.623              3             -1              0              0              0              0              0              2          0.055       0.414117
            421                   D0             1        1.86484              1             -1              0              0              0              1              0              1      1.604e-12        1.23205
            411                   D+             1        1.86966              1             -1              0              1              0              1              0              1      6.372e-13       0.996439
            423            D*(2007)0             0        2.00685              3             -1              0              0              0              1              0              1              0        1.94838
            413            D*(2010)+             0        2.01026              3             -1              0              1              0              1              0              1       8.34e-05        2.00231
          10421         D(0)*(2300)0             0          2.343              1             -1              0              0              0              1              0              1          0.229        2.00922
          10411         D(0)*(2300)+             0          2.343              1             -1              0              1              0              1              0              1          0.229        2.00441
          10423          D(1)(2420)0             0         2.4221              3             -1              0              0              0              1              0              1         0.0313         2.1469
          10413          D(1)(2420)+             0         2.4221              3             -1              0              1              0              1              0              1         0.0313       2.004410
          20423          D(1)(2430)0             0          2.412              3             -1              0              0              0              1              0              1          0.314       1.999817
            425         D(2)*(2460)0             0         2.4611              5             -1              0              0              0              1              0              1         0.0473        2.07953
            415         D(2)*(2460)+             0         2.4611              5             -1              0              1              0              1              0              1         0.0473        2.07549
            427         D(3)*(2750)0             0         2.7631              7             -1              0              0              0              1              0              1          0.066        1.99982
            417         D(3)*(2750)+             0         2.7631              7             -1              0              1              0              1              0              1          0.066        2.00441
            431                 D(s)             1        1.96835              1             -1              0              1              1              1              1              1      1.313e-12        1.32112
            433                D(s)*             0         2.1122              3             -1              0              1              1              1              1              1              0        1.97617
          10431         D(s0)*(2317)             0         2.3178              1             -1              0              1              1              1              1              1              0        2.10332
          20433          D(s1)(2460)             0         2.4595              3             -1              0              1              1              1              1              1              0        2.18643
          10433          D(s1)(2536)             0        2.53511              3             -1              0              1              1              1              1              1        0.00092         2.4905
            435         D(s2)*(2573)             0         2.5691              5             -1              0              1              1              1              1              1         0.0169        2.35851
          30433        D(s1)*(2700)+             0          2.714              3             -1              0              1              1              1              1              1          0.122       2.103327
            437        D(s3)*(2860)+             0           2.86              7             -1              0              1              1              1              1              1          0.053       2.103327
           4122           Lambda(c)+             1        2.28646              2              1              1              1              0              1              0              1       3.25e-12        1.18146
           4212      Sigma(c)(2455)+             0         2.4527              2              1              1              1              0              1              0              1              0        2.42144
           4112      Sigma(c)(2455)0             0        2.45375              2              1              1              0              0              1              0              1        0.00183        2.42603
           4222     Sigma(c)(2455)++             0        2.45397              2              1              1              2              0              1              0              1        0.00189        2.42603
           4214      Sigma(c)(2520)+             0         2.5174              4              1              1              1              0              1              0              1              0        2.42144
           4224     Sigma(c)(2520)++             0        2.51841              4              1              1              2              0              1              0              1        0.01478        2.42603
           4114      Sigma(c)(2520)0             0        2.51848              4              1              1              0              0              1              0              1         0.0153        2.42603
        9004224     Sigma(c)(2800)++             0          2.801              4              1              1              2              0              1              0              1          0.075        2.42603
        9004214      Sigma(c)(2800)+             0          2.792              4              1              1              1              0              1              0              1           0.06        2.42144
        9004114      Sigma(c)(2800)0             0          2.806              4              1              1              0              0              1              0              1          0.072        2.42603
          14122     Lambda(c)(2595)+             0        2.59225              2              1              1              1              0              1              0              1         0.0026        2.58508
         104122     Lambda(c)(2625)+             0        2.62800              4              1              1              1              0              1              0              1         0.0005        2.56838
         204124     Lambda(c)(2860)+             0         2.8561              4              1              1              1              0              1              0              1          0.068       2.421437
         204126     Lambda(c)(2880)+             0        2.88163              6              1              1              1              0              1              0              1         0.0056         2.5656
         304124     Lambda(c)(2940)+             0         2.9396              4              1              1              1              0              1              0              1           0.02       2.421437
           4232               Xi(c)+             1        2.46771              2              1              1              1             -1              1              1              1      1.453e-12        1.60085
           4132               Xi(c)0             1        2.47044              2              1              1              0             -1              1              1              1      4.376e-12        1.46128
           4322              Xi(c)'+             1         2.5782              2              1              1              1             -1              1              1              1              0        2.46771
           4312              Xi(c)'0             1         2.5787              2              1              1              0             -1              1              1              1              0        2.47044
           4324         Xi(c)(2645)+             0        2.64510              4              1              1              1             -1              1              1              1        0.00214        2.61047
           4314         Xi(c)(2645)0             0        2.64616              4              1              1              0             -1              1              1              1        0.00235        2.60751
         104324         Xi(c)(2790)+             0         2.7919              2              1              1              1             -1              1              1              1         0.0089        2.71498
         104314         Xi(c)(2790)0             0         2.7939              2              1              1              0             -1              1              1              1           0.01        2.71498
         104322         Xi(c)(2815)+             0        2.81651              4              1              1              1             -1              1              1              1        0.00243        2.74708
         104312         Xi(c)(2815)0             0        2.81979              4              1              1              0             -1              1              1              1        0.00254        2.75004
         204322         Xi(c)(2970)+             0         2.9643              2              1              1              1             -1              1              1              1         0.0209       2.610010
         204312         Xi(c)(2970)0             0         2.9671              2              1              1              0             -1              1              1              1         0.0209       2.607280
        9104324         Xi(c)(3055)+             0         3.0559              4              1              1              1             -1              1              1              1         0.0078       2.610010
        9204326         Xi(c)(3080)+             0         3.0772              6              1              1              1             -1              1              1              1         0.0036       2.610010
        9204316         Xi(c)(3080)0             0         3.0799              6              1              1              0             -1              1              1              1         0.0056       2.607280
           4332             Omega(c)             1         2.6953              2              1              1              0             -2              1              2              1      2.411e-12         1.9914
           4334       Omega(c)(2770)             0         2.7660              4              1              1              0             -2              1              2              1              0         2.6953
        9104332       Omega(c)(3000)             0        3.00046              2              1              1              0             -2              1              2              1         0.0038       2.830277
        9204332       Omega(c)(3050)             0        3.05017              2              1              1              0             -2              1              2              1         0.0018       2.830277
        9104334       Omega(c)(3065)             0        3.06558              4              1              1              0             -2              1              2              1         0.0034       2.830277
        9204334       Omega(c)(3090)             0        3.09015              4              1              1              0             -2              1              2              1         0.0085       2.830277
        9104336       Omega(c)(3120)             0        3.11898              6              1              1              0             -2              1              2              1         0.0025       2.830277
        9304332       Omega(c)(3185)             0          3.185              2              1              1              0             -2              1              2              1           0.05       2.830277
        9304334       Omega(c)(3327)             0         3.3271              4              1              1              0             -2              1              2              1           0.02       2.830277
