# This is a particle list containing light flavored, strange and charmed hadrons converted from SMASH-1.8 available at https://doi.org/10.5281/zenodo.3484711 and https://github.com/smash-transport/smash
# Note that hadrons containing the bottom quark are excluded
# Reference: J. Weil et al., Phys.Rev. C94 (2016) no.5, 054905
#         pdgid                name         stable      mass[GeV]     degeneracy     statistics              B              Q              S              C            |S|            |C|     width[GeV] threshold[GeV]
            111                 pi0              1          0.138              1             -1              0              0              0              0              0              0        7.7e-09       0.138001
            211                 pi+              1          0.138              1             -1              0              1              0              0              0              0        7.7e-09       0.138001
            221                 eta              1          0.548              1             -1              0              0              0              0              0              0       1.31e-06          0.548
            113                rho0              0          0.776              3             -1              0              0              0              0              0              0          0.149          0.276
            213                rho+              0          0.776              3             -1              0              1              0              0              0              0          0.149          0.276
            223               omega              0          0.783              3             -1              0              0              0              0              0              0        0.00849          0.138
        9000221               sigma              0            0.8              1             -1              0              0              0              0              0              0            0.4          0.276
            331                eta'              0          0.958              1             -1              0              0              0              0              2              0       0.000196              0
        9000111            a0(980)0              0          0.989              1             -1              0              0              0              0              0              0          0.075          0.686
        9000211            a0(980)+              0          0.989              1             -1              0              1              0              0              0              0          0.075          0.686
        9010221             f0(980)              0           0.99              1             -1              0              0              0              0              0              0           0.06          0.276
            333                 phi              0          1.019              3             -1              0              0              0              0              2              0        0.00425          0.138
          10223            h1(1170)              0           1.17              3             -1              0              0              0              0              0              0           0.36          0.414
          10113           b1(1235)0              0         1.2295              3             -1              0              0              0              0              0              0          0.142          0.276
          10213           b1(1235)+              0         1.2295              3             -1              0              1              0              0              0              0          0.142          0.276
          20113           a1(1260)0              0           1.23              3             -1              0              0              0              0              0              0           0.42          0.414
          20213           a1(1260)+              0           1.23              3             -1              0              1              0              0              0              0           0.42          0.414
            225                  f2              0          1.276              5             -1              0              0              0              0              0              0          0.187          0.276
          20223            f1(1285)              0         1.2819              3             -1              0              0              0              0              0              0         0.0227          0.552
         100221           eta(1295)              0          1.294              1             -1              0              0              0              0              0              0          0.055          0.824
         100111           pi(1300)0              0            1.3              1             -1              0              0              0              0              0              0            0.4          0.414
         100211           pi(1300)+              0            1.3              1             -1              0              1              0              0              0              0            0.4          0.414
            115           a2(1320)0              0         1.3183              5             -1              0              0              0              0              0              0          0.107          0.414
            215           a2(1320)+              0         1.3183              5             -1              0              1              0              0              0              0          0.107          0.414
          10221            f0(1370)              0           1.35              1             -1              0              0              0              0              0              0           0.35          0.276
        9000113          pi1(1400)0              0          1.354              3             -1              0              0              0              0              0              0           0.33          0.686
        9000213          pi1(1400)+              0          1.354              3             -1              0              1              0              0              0              0           0.33          0.686
        9020221           eta(1405)              0          1.409              1             -1              0              0              0              0              0              0          0.051          0.552
         100223         omega(1420)              0          1.425              3             -1              0              0              0              0              0              0          0.215          0.414
          20333            f1(1420)              0         1.4264              3             -1              0              0              0              0              2              0          0.054          0.824
         100113          rho(1450)0              0          1.465              3             -1              0              0              0              0              0              0            0.4          0.276
         100213          rho(1450)+              0          1.465              3             -1              0              1              0              0              0              0            0.4          0.276
          10111           a0(1450)0              0          1.474              1             -1              0              0              0              0              0              0          0.265          0.138
          10211           a0(1450)+              0          1.474              1             -1              0              1              0              0              0              0          0.265          0.138
         100331           eta(1475)              0          1.476              1             -1              0              0              0              0              2              0          0.085          0.824
        9030221            f0(1500)              0          1.507              1             -1              0              0              0              0              0              0          0.109          0.276
            335           f2'(1525)              0          1.525              5             -1              0              0              0              0              2              0          0.073          0.276
          10225          eta2(1645)              0          1.617              5             -1              0              0              0              0              0              0          0.181          0.552
        9010113          pi1(1600)0              0          1.662              3             -1              0              0              0              0              0              0           0.24          0.138
        9010213          pi1(1600)+              0          1.662              3             -1              0              1              0              0              0              0           0.24          0.138
            227        omega3(1670)              0          1.667              7             -1              0              0              0              0              0              0          0.168          0.414
          30223         omega(1650)              0           1.67              3             -1              0              0              0              0              0              0          0.315          0.414
          10115          pi2(1670)0              0          1.672              5             -1              0              0              0              0              0              0           0.26          0.414
          10215          pi2(1670)+              0          1.672              5             -1              0              1              0              0              0              0           0.26          0.414
         100333           phi(1680)              0           1.68              3             -1              0              0              0              0              2              0           0.15          0.414
            117         rho3(1690)0              0          1.689              7             -1              0              0              0              0              0              0          0.161          0.276
            217         rho3(1690)+              0          1.689              7             -1              0              1              0              0              0              0          0.161          0.276
          30113          rho(1700)0              0           1.72              3             -1              0              0              0              0              0              0           0.25          0.276
          30213          rho(1700)+              0           1.72              3             -1              0              1              0              0              0              0           0.25          0.276
          10331            f0(1710)              0          1.723              1             -1              0              0              0              0              2              0          0.139          0.276
        9010111           pi(1800)0              0          1.812              1             -1              0              0              0              0              0              0          0.208          0.414
        9010211           pi(1800)+              0          1.812              1             -1              0              1              0              0              0              0          0.208          0.414
            337          phi3(1850)              0          1.854              7             -1              0              0              0              0              2              0          0.087          0.988
        9050225            f2(1950)              0          1.944              5             -1              0              0              0              0              0              0          0.472          0.552
            119           a4(2040)0              0          1.995              9             -1              0              0              0              0              0              0          0.257          0.138
            219           a4(2040)+              0          1.995              9             -1              0              1              0              0              0              0          0.257          0.138
        9060225            f2(2010)              0           2.01              5             -1              0              0              0              0              0              0            0.2          0.276
            229            f4(2050)              0          2.018              9             -1              0              0              0              0              0              0          0.237          0.276
        9080225            f2(2300)              0          2.297              5             -1              0              0              0              0              0              0           0.15          0.276
        9090225            f2(2340)              0           2.35              5             -1              0              0              0              0              0              0           0.32          0.276
            311                  K0              1          0.494              1             -1              0              0              1              0              1              0              0          0.494
            321                  K+              1          0.494              1             -1              0              1              1              0              1              0              0          0.494
            313            K*(892)0              0          0.892              3             -1              0              0              1              0              1              0           0.05          0.632
            323            K*(892)+              0          0.892              3             -1              0              1              1              0              1              0           0.05          0.632
          10313           K1(1270)0              0          1.272              3             -1              0              0              1              0              1              0           0.09          0.632
          10323           K1(1270)+              0          1.272              3             -1              0              1              1              0              1              0           0.09          0.632
          20313           K1(1400)0              0          1.403              3             -1              0              0              1              0              1              0          0.174          0.632
          20323           K1(1400)+              0          1.403              3             -1              0              1              1              0              1              0          0.174          0.632
         100313           K*(1410)0              0          1.421              3             -1              0              0              1              0              1              0          0.236          0.632
         100323           K*(1410)+              0          1.421              3             -1              0              1              1              0              1              0          0.236          0.632
            315          K*2(1430)0              0          1.429              5             -1              0              0              1              0              1              0          0.104          0.632
            325          K*2(1430)+              0          1.429              5             -1              0              1              1              0              1              0          0.104          0.632
          10311          K*0(1430)0              0          1.453              1             -1              0              0              1              0              1              0           0.27          0.494
          10321          K*0(1430)+              0          1.453              1             -1              0              1              1              0              1              0           0.27          0.494
          30313           K*(1680)0              0          1.718              3             -1              0              0              1              0              1              0           0.32          0.632
          30323           K*(1680)+              0          1.718              3             -1              0              1              1              0              1              0           0.32          0.632
          10315           K2(1770)0              0          1.773              5             -1              0              0              1              0              1              0          0.186           0.77
          10325           K2(1770)+              0          1.773              5             -1              0              1              1              0              1              0          0.186           0.77
            317          K*3(1780)0              0          1.776              7             -1              0              0              1              0              1              0          0.159          0.632
            327          K*3(1780)+              0          1.776              7             -1              0              1              1              0              1              0          0.159          0.632
          20315           K2(1820)0              0          1.819              5             -1              0              0              1              0              1              0          0.264          0.632
          20325           K2(1820)+              0          1.819              5             -1              0              1              1              0              1              0          0.264          0.632
            319          K*4(2045)0              0          2.045              9             -1              0              0              1              0              1              0          0.198          0.632
            329          K*4(2045)+              0          2.045              9             -1              0              1              1              0              1              0          0.198          0.632
           2112                  N0              1          0.938              2              1              1              0              0              0              0              0              0          0.938
           2212                  N+              1          0.938              2              1              1              1              0              0              0              0              0          0.938
           1114              Delta-              0          1.232              4              1              1             -1              0              0              0              0          0.117          1.076
           2114              Delta0              0          1.232              4              1              1              0              0              0              0              0          0.117          1.076
           2214              Delta+              0          1.232              4              1              1              1              0              0              0              0          0.117          1.076
           2224             Delta++              0          1.232              4              1              1              2              0              0              0              0          0.117          1.076
          12112            N(1440)0              0           1.44              2              1              1              0              0              0              0              0           0.35          1.076
          12212            N(1440)+              0           1.44              2              1              1              1              0              0              0              0           0.35          1.076
           1214            N(1520)0              0          1.515              4              1              1              0              0              0              0              0           0.11          1.076
           2124            N(1520)+              0          1.515              4              1              1              1              0              0              0              0           0.11          1.076
          22112            N(1535)0              0           1.53              2              1              1              0              0              0              0              0           0.15          1.076
          22212            N(1535)+              0           1.53              2              1              1              1              0              0              0              0           0.15          1.076
           1112        Delta(1620)-              0           1.61              2              1              1             -1              0              0              0              0           0.13          1.076
           1212        Delta(1620)0              0           1.61              2              1              1              0              0              0              0              0           0.13          1.076
           2122        Delta(1620)+              0           1.61              2              1              1              1              0              0              0              0           0.13          1.076
           2222       Delta(1620)++              0           1.61              2              1              1              2              0              0              0              0           0.13          1.076
          32112            N(1650)0              0           1.65              2              1              1              0              0              0              0              0          0.125          1.076
          32212            N(1650)+              0           1.65              2              1              1              1              0              0              0              0          0.125          1.076
           2116            N(1675)0              0          1.675              6              1              1              0              0              0              0              0          0.145          1.076
           2216            N(1675)+              0          1.675              6              1              1              1              0              0              0              0          0.145          1.076
          12116            N(1680)0              0          1.685              6              1              1              0              0              0              0              0           0.12          1.076
          12216            N(1680)+              0          1.685              6              1              1              1              0              0              0              0           0.12          1.076
          11114        Delta(1700)-              0           1.71              4              1              1             -1              0              0              0              0            0.3          1.076
          12114        Delta(1700)0              0           1.71              4              1              1              0              0              0              0              0            0.3          1.076
          12214        Delta(1700)+              0           1.71              4              1              1              1              0              0              0              0            0.3          1.076
          12224       Delta(1700)++              0           1.71              4              1              1              2              0              0              0              0            0.3          1.076
          42112            N(1710)0              0           1.71              2              1              1              0              0              0              0              0           0.14          1.076
          42212            N(1710)+              0           1.71              2              1              1              1              0              0              0              0           0.14          1.076
          21214            N(1700)0              0           1.72              4              1              1              0              0              0              0              0            0.2          1.076
          22124            N(1700)+              0           1.72              4              1              1              1              0              0              0              0            0.2          1.076
          31214            N(1720)0              0           1.72              4              1              1              0              0              0              0              0           0.25          1.076
          32124            N(1720)+              0           1.72              4              1              1              1              0              0              0              0           0.25          1.076
          11112        Delta(1900)-              0           1.86              2              1              1             -1              0              0              0              0           0.25          1.076
          11212        Delta(1900)0              0           1.86              2              1              1              0              0              0              0              0           0.25          1.076
          12122        Delta(1900)+              0           1.86              2              1              1              1              0              0              0              0           0.25          1.076
          12222       Delta(1900)++              0           1.86              2              1              1              2              0              0              0              0           0.25          1.076
        9902114            N(1875)0              0          1.875              4              1              1              0              0              0              0              0           0.25          1.076
        9902214            N(1875)+              0          1.875              4              1              1              1              0              0              0              0           0.25          1.076
           1116        Delta(1905)-              0           1.88              6              1              1             -1              0              0              0              0           0.33          1.076
           1216        Delta(1905)0              0           1.88              6              1              1              0              0              0              0              0           0.33          1.076
           2126        Delta(1905)+              0           1.88              6              1              1              1              0              0              0              0           0.33          1.076
           2226       Delta(1905)++              0           1.88              6              1              1              2              0              0              0              0           0.33          1.076
        9952112            N(1880)0              0           1.88              2              1              1              0              0              0              0              0            0.4          1.076
        9952212            N(1880)+              0           1.88              2              1              1              1              0              0              0              0            0.4          1.076
        9962112            N(1895)0              0          1.895              2              1              1              0              0              0              0              0           0.12          0.938
        9962212            N(1895)+              0          1.895              2              1              1              1              0              0              0              0           0.12          0.938
          21112        Delta(1910)-              0            1.9              2              1              1             -1              0              0              0              0            0.3          1.076
          21212        Delta(1910)0              0            1.9              2              1              1              0              0              0              0              0            0.3          1.076
          22122        Delta(1910)+              0            1.9              2              1              1              1              0              0              0              0            0.3          1.076
          22222       Delta(1910)++              0            1.9              2              1              1              2              0              0              0              0            0.3          1.076
        9912114            N(1900)0              0            1.9              4              1              1              0              0              0              0              0            0.2          0.938
        9912214            N(1900)+              0            1.9              4              1              1              1              0              0              0              0            0.2          0.938
          21114        Delta(1920)-              0           1.92              4              1              1             -1              0              0              0              0            0.3          1.076
          22114        Delta(1920)0              0           1.92              4              1              1              0              0              0              0              0            0.3          1.076
          22214        Delta(1920)+              0           1.92              4              1              1              1              0              0              0              0            0.3          1.076
          22224       Delta(1920)++              0           1.92              4              1              1              2              0              0              0              0            0.3          1.076
           1118        Delta(1950)-              0           1.93              8              1              1             -1              0              0              0              0           0.28          1.076
           2118        Delta(1950)0              0           1.93              8              1              1              0              0              0              0              0           0.28          1.076
           2218        Delta(1950)+              0           1.93              8              1              1              1              0              0              0              0           0.28          1.076
           2228       Delta(1950)++              0           1.93              8              1              1              2              0              0              0              0           0.28          1.076
          11116        Delta(1930)-              0           1.95              6              1              1             -1              0              0              0              0            0.3          1.076
          11216        Delta(1930)0              0           1.95              6              1              1              0              0              0              0              0            0.3          1.076
          12126        Delta(1930)+              0           1.95              6              1              1              1              0              0              0              0            0.3          1.076
          12226       Delta(1930)++              0           1.95              6              1              1              2              0              0              0              0            0.3          1.076
        9902118            N(1990)0              0           1.99              8              1              1              0              0              0              0              0            0.5          1.076
        9902218            N(1990)+              0           1.99              8              1              1              1              0              0              0              0            0.5          1.076
        9922114            N(2080)0              0              2              4              1              1              0              0              0              0              0           0.35          1.076
        9922214            N(2080)+              0              2              4              1              1              1              0              0              0              0           0.35          1.076
        9922116            N(2060)0              0            2.1              6              1              1              0              0              0              0              0            0.4          1.076
        9922216            N(2060)+              0            2.1              6              1              1              1              0              0              0              0            0.4          1.076
        9972112            N(2100)0              0            2.1              2              1              1              0              0              0              0              0           0.26          0.938
        9972212            N(2100)+              0            2.1              2              1              1              1              0              0              0              0           0.26          0.938
        9932114            N(2120)0              0           2.12              4              1              1              0              0              0              0              0            0.3          0.938
        9932214            N(2120)+              0           2.12              4              1              1              1              0              0              0              0            0.3          0.938
           1218            N(2190)0              0           2.18              8              1              1              0              0              0              0              0            0.4          1.076
           2128            N(2190)+              0           2.18              8              1              1              1              0              0              0              0            0.4          1.076
       19922119            N(2220)0              0           2.22             10              1              1              0              0              0              0              0            0.4          1.076
       19922219            N(2220)+              0           2.22             10              1              1              1              0              0              0              0            0.4          1.076
       19932119            N(2250)0              0           2.25             10              1              1              0              0              0              0              0           0.47          1.076
       19932219            N(2250)+              0           2.25             10              1              1              1              0              0              0              0           0.47          1.076
           3122              Lambda              1          1.116              2              1              1              0             -1              0              1              0              0          1.116
           3112              Sigma-              1          1.189              2              1              1             -1             -1              0              1              0              0          1.189
           3212              Sigma0              1          1.189              2              1              1              0             -1              0              1              0              0          1.189
           3222              Sigma+              1          1.189              2              1              1              1             -1              0              1              0              0          1.189
           3114        Sigma(1385)-              0          1.385              4              1              1             -1             -1              0              1              0          0.036          1.254
           3214        Sigma(1385)0              0          1.385              4              1              1              0             -1              0              1              0          0.036          1.116
           3224        Sigma(1385)+              0          1.385              4              1              1              1             -1              0              1              0          0.036          1.189
          13122        Lambda(1405)              0          1.405              2              1              1              0             -1              0              1              0         0.0505          1.327
           3124        Lambda(1520)              0           1.52              4              1              1              0             -1              0              1              0         0.0156          1.116
          23122        Lambda(1600)              0            1.6              2              1              1              0             -1              0              1              0           0.15          1.254
          13112        Sigma(1660)-              0           1.66              2              1              1             -1             -1              0              1              0            0.1          1.254
          13212        Sigma(1660)0              0           1.66              2              1              1              0             -1              0              1              0            0.1          1.254
          13222        Sigma(1660)+              0           1.66              2              1              1              1             -1              0              1              0            0.1          1.254
          13114        Sigma(1670)-              0           1.67              4              1              1             -1             -1              0              1              0           0.06          1.254
          13214        Sigma(1670)0              0           1.67              4              1              1              0             -1              0              1              0           0.06          1.254
          13224        Sigma(1670)+              0           1.67              4              1              1              1             -1              0              1              0           0.06          1.254
          33122        Lambda(1670)              0           1.67              2              1              1              0             -1              0              1              0          0.035          1.327
          13124        Lambda(1690)              0           1.69              4              1              1              0             -1              0              1              0           0.06          1.327
          23112        Sigma(1750)-              0           1.75              2              1              1             -1             -1              0              1              0           0.09          1.254
          23212        Sigma(1750)0              0           1.75              2              1              1              0             -1              0              1              0           0.09          1.254
          23222        Sigma(1750)+              0           1.75              2              1              1              1             -1              0              1              0           0.09          1.254
           3116        Sigma(1775)-              0          1.775              6              1              1             -1             -1              0              1              0           0.12          1.254
           3216        Sigma(1775)0              0          1.775              6              1              1              0             -1              0              1              0           0.12          1.254
           3226        Sigma(1775)+              0          1.775              6              1              1              1             -1              0              1              0           0.12          1.254
          43122        Lambda(1800)              0            1.8              2              1              1              0             -1              0              1              0            0.3          1.254
          53122        Lambda(1810)              0           1.81              2              1              1              0             -1              0              1              0           0.15          1.254
           3126        Lambda(1820)              0           1.82              6              1              1              0             -1              0              1              0           0.08          1.254
          13126        Lambda(1830)              0           1.83              6              1              1              0             -1              0              1              0          0.095          1.254
          23124        Lambda(1890)              0           1.89              4              1              1              0             -1              0              1              0            0.1          1.254
          13116        Sigma(1915)-              0          1.915              6              1              1             -1             -1              0              1              0           0.12          1.254
          13216        Sigma(1915)0              0          1.915              6              1              1              0             -1              0              1              0           0.12          1.254
          13226        Sigma(1915)+              0          1.915              6              1              1              1             -1              0              1              0           0.12          1.254
          23114        Sigma(1940)-              0           1.94              4              1              1             -1             -1              0              1              0           0.22          1.254
          23214        Sigma(1940)0              0           1.94              4              1              1              0             -1              0              1              0           0.22          1.254
          23224        Sigma(1940)+              0           1.94              4              1              1              1             -1              0              1              0           0.22          1.254
           3118        Sigma(2030)-              0           2.03              8              1              1             -1             -1              0              1              0           0.18          1.254
           3218        Sigma(2030)0              0           2.03              8              1              1              0             -1              0              1              0           0.18          1.254
           3228        Sigma(2030)+              0           2.03              8              1              1              1             -1              0              1              0           0.18          1.254
           3128        Lambda(2100)              0            2.1              8              1              1              0             -1              0              1              0            0.2          1.254
          23126        Lambda(2110)              0           2.11              6              1              1              0             -1              0              1              0            0.2          1.254
        9903118        Sigma(2250)-              0           2.25              8              1              1             -1             -1              0              1              0            0.1          1.254
        9903218        Sigma(2250)0              0           2.25              8              1              1              0             -1              0              1              0            0.1          1.254
        9903228        Sigma(2250)+              0           2.25              8              1              1              1             -1              0              1              0            0.1          1.254
       19903129        Lambda(2350)              0           2.35             10              1              1              0             -1              0              1              0           0.15          1.327
           3312                Ksi-              1          1.318              2              1              1             -1             -2              0              2              0              0          1.318
           3322                Ksi0              1          1.318              2              1              1              0             -2              0              2              0              0          1.318
           3314          Ksi(1530)-              0          1.533              4              1              1             -1             -2              0              2              0          0.009          1.456
           3324          Ksi(1530)0              0          1.533              4              1              1              0             -2              0              2              0          0.009          1.456
         203312          Ksi(1690)-              0           1.69              2              1              1             -1             -2              0              2              0           0.03          1.456
         203322          Ksi(1690)0              0           1.69              2              1              1              0             -2              0              2              0           0.03          1.456
          13314          Ksi(1820)-              0          1.823              4              1              1             -1             -2              0              2              0          0.024          1.456
          13324          Ksi(1820)0              0          1.823              4              1              1              0             -2              0              2              0          0.024          1.456
         103316          Ksi(1950)-              0           1.95              6              1              1             -1             -2              0              2              0           0.06          1.456
         103326          Ksi(1950)0              0           1.95              6              1              1              0             -2              0              2              0           0.06          1.456
         203316          Ksi(2030)-              0          2.025              6              1              1             -1             -2              0              2              0           0.02           1.61
         203326          Ksi(2030)0              0          2.025              6              1              1              0             -2              0              2              0           0.02           1.61
           3334              Omega-              1          1.672              4              1              1             -1             -3              0              3              0              0          1.672
         203338        Omega(2250)-              0          2.252              8              1              1             -1             -3              0              3              0          0.055           1.95
            441            etac(1S)              1         2.9836              1             -1              0              0              0              0              0              2              0         2.9836
            443               J/Psi              1          3.097              3             -1              0              0              0              0              0              2              0          3.097
          10441               chic0              1        3.41475              1             -1              0              0              0              0              0              2              0        3.41475
          20443               chic1              1        3.51066              3             -1              0              0              0              0              0              2              0        3.51066
          10443                  hc              1        3.52538              3             -1              0              0              0              0              0              2              0        3.52538
            445               chic2              1         3.5562              5             -1              0              0              0              0              0              2              0         3.5562
         100441            etac(2S)              1         3.6392              1             -1              0              0              0              0              0              2              0         3.6392
         100443             Psi(2S)              1         3.6861              3             -1              0              0              0              0              0              2              0         3.6861
          30443           Psi(3770)              1        3.77315              3             -1              0              0              0              0              0              2              0        3.77315
            411                  D+              1           1.86              1             -1              0              1              0              1              0              1              0           1.86
            421                  D0              1           1.86              1             -1              0              0              0              1              0              1              0           1.86
            413           D*(2007)+              1              2              3             -1              0              1              0              1              0              1              0              2
            423           D*(2007)0              1              2              3             -1              0              0              0              1              0              1              0              2
          10411          D0*(2400)+              1          2.318              1             -1              0              1              0              1              0              1              0          2.318
          10421          D0*(2400)0              1          2.318              1             -1              0              0              0              1              0              1              0          2.318
          10413           D1(2420)+              1         2.4214              3             -1              0              1              0              1              0              1              0         2.4214
          10423           D1(2420)0              1         2.4214              3             -1              0              0              0              1              0              1              0         2.4214
          20413           D1(2430)+              1          2.427              3             -1              0              1              0              1              0              1              0          2.427
          20423           D1(2430)0              1          2.427              3             -1              0              0              0              1              0              1              0          2.427
            415          D2*(2460)+              1         2.4626              5             -1              0              1              0              1              0              1              0         2.4626
            425          D2*(2460)0              1         2.4626              5             -1              0              0              0              1              0              1              0         2.4626
            431                  Ds              1         1.9683              1             -1              0              1              1              1              1              1              0         1.9683
            433                 Ds*              1         2.1121              3             -1              0              1              1              1              1              1              0         2.1121
          10431          Ds0*(2317)              1         2.3177              1             -1              0              1              1              1              1              1              0         2.3177
          20433           Ds1(2460)              1         2.4595              3             -1              0              1              1              1              1              1              0         2.4595
          10433           Ds1(2536)              1        2.53511              3             -1              0              1              1              1              1              1              0        2.53511
            435          Ds2*(2573)              1         2.5719              5             -1              0              1              1              1              1              1              0         2.5719
           4122             Lambdac              1        2.28646              2              1              1              1              0              1              0              1              0        2.28646
           4112       Sigmac(2455)0              1           2.45              2              1              1              0              0              1              0              1              0           2.45
           4212       Sigmac(2455)+              1           2.45              2              1              1              1              0              1              0              1              0           2.45
           4222      Sigmac(2455)++              1           2.45              2              1              1              2              0              1              0              1              0           2.45
           4114       Sigmac(2520)0              1           2.52              4              1              1              0              0              1              0              1              0           2.52
           4214       Sigmac(2520)+              1           2.52              4              1              1              1              0              1              0              1              0           2.52
           4224      Sigmac(2520)++              1           2.52              4              1              1              2              0              1              0              1              0           2.52
          14122       Lambdac(2595)              1        2.59225              2              1              1              1              0              1              0              1              0        2.59225
           4132               Ksic0              1           2.47              2              1              1              0             -1              1              1              1              0           2.47
           4232               Ksic+              1           2.47              2              1              1              1             -1              1              1              1              0           2.47
           4312              Ksic'0              1           2.58              2              1              1              0             -1              1              1              1              0           2.58
           4322              Ksic'+              1           2.58              2              1              1              1             -1              1              1              1              0           2.58
           4314         Ksic(2645)0              1         2.6459              4              1              1              0             -1              1              1              1              0         2.6459
           4324         Ksic(2645)+              1         2.6459              4              1              1              1             -1              1              1              1              0         2.6459
           4332              Omegac              1         2.6952              2              1              1              0             -2              1              2              1              0         2.6952
           4334        Omegac(2770)              1         2.7659              4              1              1              0             -2              1              2              1              0         2.7659
           4412              Ksicc+              1        3.59798              2              1              1              1              0              2              0              2              0        3.59798
           4422             Ksicc++              1        3.59798              2              1              1              2              0              2              0              2              0        3.59798
           4414             Ksicc*+              1        3.65648              4              1              1              1              0              2              0              2              0        3.65648
           4424            Ksicc*++              1        3.65648              4              1              1              2              0              2              0              2              0        3.65648
           4432             Omegacc              1        3.78663              2              1              1              1             -1              2              1              2              0        3.78663
           4434            Omegacc*              1        3.82466              4              1              1              1             -1              2              1              2              0        3.82466
           4444            Omegaccc              1        4.91594              4              1              1              2              0              3              0              3              0        4.91594
