# Table 1 from 1910.14592 (Wuppertal-Budapest collaboration)
#T/MeV     chi11BQ     chi11QS      chi11BS   ch11BS/chi2S
130     0.0086(11)  0.0514(15)  −0.0132(14)   −0.1165(102)
135     0.0101(08)  0.0604(20)  −0.0167(17)   −0.1239(87)
140     0.0124(08)  0.0699(18)  −0.0227(13)   −0.1467(58)
145     0.0162(12)  0.0806(20)  −0.0332(18)   −0.1757(46)
150     0.0217(17)  0.0914(12)  −0.0491(28)   −0.2065(50)
155     0.0242(10)  0.1045(09)  −0.0676(38)   −0.2359(34)
160     0.0266(07)  0.1193(15)  −0.0825(27)   −0.2529(36)
165     0.0278(06)  0.1345(20)  −0.0981(26)   −0.2655(20)
170     0.0277(04)  0.1478(22)  −0.1136(23)   −0.2765(13)
175     0.0269(04)  0.1600(23)  −0.1296(24)   −0.2856(12)
180     0.0256(05)  0.1724(21)  −0.1455(23)   −0.2930(10)
185     0.0242(04)  0.1869(21)  −0.1610(22)   −0.2988(08)
190     0.0227(04)  0.2011(15)  −0.1749(24)   −0.3033(07)
