206
9000221 2
66.66 2 211 -211 
33.33 2 111 111 
310 2
31.4 2 111 111 
68.6 2 211 -211 
221 4
32.51 3 111 111 111 
22.6 3 211 -211 111 
4.68 3 211 -211 22 
39.41 2 22 22 
113 1
100 2 211 -211 
213 1
100 2 211 111 
223 3
89.1 3 211 -211 111 
8.7 1 111 
1.7 2 211 -211 
331 4
44.3 3 211 -211 221 
29.5 1 113 
20.9 3 111 111 221 
3.03 1 223 
9010221 2
66.67 2 211 -211 
33.33 2 111 111 
9000211 1
100 2 221 211 
9000111 1
100 2 221 111 
333 4
49.2 2 321 -321 
33.7 2 311 -311 
15.5 3 211 -211 111 
1.3 1 221 
10223 3
33.33 2 213 -211 
33.33 2 113 111 
33.33 2 -213 211 
10113 1
100 2 223 111 
10213 1
100 2 223 211 
20213 2
50 2 213 111 
50 2 113 211 
20113 2
50 2 213 -211 
50 2 -213 211 
225 6
56.47 2 211 -211 
28.23 2 111 111 
7.1 4 211 -211 111 111 
2.3 2 321 -321 
2.3 2 311 -311 
2.8 4 211 211 -211 -211 
20223 12
22 4 111 111 211 -211 
11 3 211 -211 113 
12 2 9000211 -211 
12 2 9000111 111 
12 2 -9000211 211 
10.67 3 221 211 -211 
5.33 3 221 111 111 
2.25 3 321 -321 111 
2.25 3 321 -311 -211 
2.25 3 311 -321 211 
2.25 3 311 -311 111 
5.5 1 113 
100221 2
66.67 3 221 211 -211 
33.33 3 221 111 111 
100211 2
50 2 211 113 
50 2 111 213 
100111 2
50 2 211 -213 
50 2 -211 213 
115 6
35.05 2 211 -213 
35.05 2 -211 213 
14.5 2 111 221 
10.6 3 223 211 -211 
2.45 2 321 -321 
2.45 2 311 -311 
215 5
35.05 2 213 111 
35.05 2 113 211 
14.5 2 211 221 
10.6 3 223 211 111 
4.9 2 321 -311 
10221 2
66.67 2 211 -211 
33.33 2 111 111 
9000113 1
100 2 221 111 
9000213 1
100 2 221 211 
9020221 14
5 3 321 -321 111 
5 3 321 -311 -211 
5 3 311 -311 111 
5 3 311 -321 211 
5 2 321 -323 
5 2 -321 323 
5 2 311 -313 
5 2 -311 313 
13.33 3 221 211 -211 
6.67 3 221 111 111 
20 2 9010221 221 
6.67 4 211 -211 211 -211 
6.67 4 211 -211 111 111 
6.67 4 111 111 111 111 
100223 3
33.33 2 213 -211 
33.33 2 113 111 
33.33 2 -213 211 
20333 4
25 2 321 -323 
25 2 -321 323 
25 2 311 -313 
25 2 -311 313 
100113 1
100 2 211 -211 
100213 1
100 2 211 111 
10111 4
33.333 2 111 221 
33.333 2 111 331 
16.667 2 321 -321 
16.667 2 311 -311 
10211 3
33.333 2 211 221 
33.333 2 211 331 
33.333 2 321 -311 
100331 4
25 3 321 -321 111 
25 3 311 -311 111 
25 3 321 -311 -211 
25 3 -321 311 211 
9030221 8
2 2 221 331 
5 2 221 221 
24 4 111 111 111 111 
24 4 211 -211 211 -211 
24 2 211 -211 
12 2 111 111 
4.5 2 321 -321 
4.5 2 311 -311 
335 5
44.4 2 321 -321 
44.4 2 311 -311 
10.3 2 221 221 
0.3 2 111 111 
0.6 2 211 -211 
10225 10
10 2 115 111 
10 2 215 -211 
10 2 -215 211 
10 2 321 -323 
10 2 -321 323 
10 2 311 -313 
10 2 -311 313 
10 2 10111 111 
10 2 10211 -211 
10 2 -10211 211 
30223 6
11.11 2 213 -211 
11.11 2 113 111 
11.11 2 -213 211 
22.22 3 223 211 -211 
11.11 3 223 111 111 
33.33 2 223 221 
9010113 6
16.66 2 213 -211 
16.66 2 -213 211 
16.66 2 10213 -211 
16.66 2 -10213 211 
16.66 2 331 111 
16.66 2 20223 111 
9010213 6
16.66 2 113 211 
16.66 2 213 111 
16.66 2 10113 211 
16.66 2 10213 111 
16.66 2 331 211 
16.66 2 20223 211 
227 5
16.67 2 213 -211 
16.67 2 113 111 
16.67 2 -213 211 
16.67 3 223 111 111 
33.33 3 223 211 -211 
10215 8
56.2 2 225 211 
15.5 2 211 113 
15.5 2 111 213 
10.9 2 9000221 211 
8.7 2 10221 211 
2.1 2 321 -313 
2.1 2 323 -311 
2.7 2 223 213 
10115 10
56.2 2 225 111 
15.5 2 211 -213 
15.5 2 -211 213 
10.9 2 9000221 111 
8.7 2 10221 111 
1.05 2 321 -323 
1.05 2 -321 323 
1.05 2 311 -313 
1.05 2 -311 313 
2.7 2 223 113 
100333 4
25 2 321 -323 
25 2 -321 323 
25 2 311 -313 
25 2 -311 313 
217 7
67 4 211 211 -211 111 
16 2 223 211 
23.6 2 211 111 
1.27 3 321 -321 211 
1.27 3 311 -311 211 
1.27 3 321 -311 111 
1.58 2 321 -311 
117 9
67 4 111 211 -211 111 
16 2 223 111 
23.6 2 211 -211 
0.95 3 321 -321 111 
0.95 3 321 -311 -211 
0.95 3 311 -311 111 
0.95 3 311 -321 211 
0.79 2 321 -321 
0.79 2 311 -311 
30113 4
33.33 4 211 -211 211 -211 
33.33 3 113 211 -211 
16.67 3 213 -211 111 
16.67 3 -213 211 111 
30213 4
25 3 213 211 -211 
25 3 213 111 111 
25 3 113 211 111 
25 3 -213 211 211 
10331 5
16.67 2 321 -321 
16.67 2 311 -311 
33.33 2 221 221 
22.22 2 211 -211 
11.11 2 111 111 
200111 8
10 3 211 -211 111 
10 3 111 111 111 
20 3 221 221 111 
20 3 221 331 111 
10 2 10321 -321 
10 2 10311 -311 
10 2 323 -321 
10 2 313 -311 
200211 6
10 3 211 111 111 
10 3 211 211 -211 
20 3 221 221 211 
20 3 221 331 211 
20 2 10321 -311 
20 2 323 -311 
337 6
25 2 321 -321 
25 2 311 -311 
12.5 2 321 -323 
12.5 2 -321 323 
12.5 2 311 -313 
12.5 2 -311 313 
9050225 6
12.5 2 321 -321 
12.5 2 311 -311 
33 2 211 -211 
17 2 111 111 
12.5 2 221 221 
12.5 2 323 -323 
100335 1
100 2 333 333 
119 6
12.5 2 321 -321 
12.5 2 311 -311 
25 3 211 -211 111 
25 2 221 111 
12.5 2 331 111 
12.5 2 225 111 
219 6
25 2 321 -311 
12.5 3 211 -211 211 
12.5 3 211 111 111 
25 2 221 211 
12.5 2 331 211 
12.5 2 225 211 
229 7
11.33 2 211 -211 
5.67 2 111 111 
0.34 2 321 -321 
0.34 2 311 -311 
0.21 2 221 221 
0.6 4 111 111 111 111 
81.51 2 223 223 
9060225 1
100 2 333 333 
9070225 1
100 2 333 333 
10323 8
14 2 321 113 
28 2 311 213 
9.33 2 10321 111 
18.67 2 10311 211 
5.33 2 323 111 
10.67 2 313 211 
11 2 321 223 
3 2 10221 321 
20325 6
16.67 2 315 211 
8.33 2 325 111 
16.67 2 313 211 
8.33 2 323 111 
25 2 321 225 
25 2 321 223 
317 9
10.33 2 311 113 
20.67 2 321 -213 
6.67 2 313 111 
13.33 2 323 -211 
6.27 2 311 111 
12.53 2 321 -211 
30 2 311 221 
2.67 2 315 111 
5.33 2 325 -211 
311 2
50 1 310 
50 1 130 
325 10
33.27 2 311 211 
16.63 2 321 111 
16.47 2 313 211 
8.23 2 323 111 
4.47 3 313 211 111 
4.47 3 323 211 -211 
4.47 3 323 111 111 
5.8 2 311 213 
2.9 2 321 113 
2.9 2 321 223 
323 2
33.33 2 321 111 
66.67 2 311 211 
313 2
33.33 2 311 111 
66.67 2 321 -211 
10313 8
14 2 311 113 
28 2 321 -213 
9.33 2 10311 111 
18.67 2 10321 -211 
5.33 2 313 111 
10.67 2 323 -211 
11 2 311 223 
3 2 311 10221 
20323 6
62.67 2 313 211 
31.33 2 323 111 
2 2 311 213 
1 2 321 113 
2 2 321 10221 
1 2 321 223 
20313 6
31.33 2 313 111 
62.67 2 323 -211 
1 2 311 113 
2 2 321 -213 
2 2 311 10221 
1 2 311 223 
10311 3
31 2 311 111 
62 2 321 -211 
7 2 311 221 
10321 3
62 2 311 211 
31 2 321 111 
7 2 321 221 
100313 6
23.33 2 313 111 
46.67 2 323 -211 
2.2 2 311 111 
4.4 2 321 -211 
1.17 2 311 113 
2.33 2 321 -213 
100323 6
46.67 2 313 211 
23.33 2 323 111 
4.4 2 311 211 
2.2 2 321 111 
2.33 2 311 213 
1.17 2 321 113 
315 10
16.63 2 311 111 
33.27 2 321 -211 
8.23 2 313 111 
16.47 2 323 -211 
4.47 3 323 -211 111 
4.47 3 313 111 111 
4.47 3 313 211 -211 
2.9 2 311 113 
5.8 2 321 -213 
2.9 2 311 223 
30313 6
12.9 2 311 111 
25.8 2 321 -211 
10.5 2 311 113 
20.9 2 321 -213 
10 2 313 111 
19.9 2 323 -211 
30323 6
25.8 2 311 211 
12.9 2 321 111 
20.9 2 311 213 
10.5 2 321 113 
19.9 2 313 211 
10 2 323 111 
10325 2
66.67 2 315 211 
33.33 2 325 111 
10315 2
33.33 2 315 111 
66.67 2 325 -211 
327 9
20.67 2 311 213 
10.33 2 321 113 
13.33 2 313 211 
6.67 2 323 111 
12.53 2 311 211 
6.27 2 321 111 
30 2 321 221 
5.33 2 315 211 
2.67 2 325 111 
20315 6
8.33 2 315 111 
16.67 2 325 -211 
8.33 2 313 111 
16.67 2 323 -211 
25 2 311 225 
25 2 311 223 
329 19
6.6 2 211 311 
3.3 2 111 321 
3 3 323 211 -211 
3 3 323 111 111 
3 3 313 211 111 
1.75 4 323 211 -211 111 
1.75 4 323 111 111 111 
1.75 4 313 211 111 111 
1.75 4 313 211 211 -211 
1.14 3 213 311 111 
1.14 3 213 321 -211 
1.14 3 113 321 111 
1.14 3 113 311 211 
1.14 3 -213 321 211 
3.3333 3 223 211 311 
1.6667 3 223 111 321 
1.8667 3 333 311 211 
0.9333 3 333 321 111 
1.4 2 333 323 
319 17
3.3 2 311 111 
6.6 2 321 -211 
3 3 323 -211 111 
3 3 313 111 111 
3 3 313 211 -211 
1.75 4 323 -211 111 111 
1.75 4 323 -211 211 -211 
1.75 4 313 111 111 111 
1.75 4 313 211 -211 111 
1.9 3 213 311 -211 
1.9 3 113 311 111 
1.9 3 113 321 -211 
1.6667 3 223 311 111 
3.3333 3 223 321 -211 
0.9333 3 333 311 111 
1.8667 3 333 321 -211 
1.4 2 333 313 
2214 2
33.33 2 2112 211 
66.67 2 2212 111 
2224 1
100 2 2212 211 
2114 2
66.67 2 2112 111 
33.33 2 2212 -211 
1114 1
100 2 2112 -211 
12112 10
21.67 2 2112 111 
43.33 2 2212 -211 
4.17 2 2214 -211 
8.33 2 2114 111 
12.5 2 1114 211 
1.33 2 2112 113 
2.67 2 2212 -213 
2.5 3 2212 111 -211 
2.5 3 2112 111 111 
2.5 3 2112 211 -211 
12212 10
43.33 2 2112 211 
21.67 2 2212 111 
12.5 2 2224 -211 
8.33 2 2214 111 
4.17 2 2114 211 
2.67 2 2112 213 
1.33 2 2212 113 
2.5 3 2212 111 111 
2.5 3 2212 211 -211 
2.5 3 2112 211 111 
1214 10
18.33 2 2112 111 
36.67 2 2212 -211 
3.33 2 2214 -211 
6.67 2 2114 111 
10 2 1114 211 
6.67 2 2112 113 
13.33 2 2212 -213 
1.33 3 2212 111 -211 
1.33 3 2112 111 111 
1.33 3 2112 211 -211 
2124 10
36.67 2 2112 211 
18.33 2 2212 111 
10 2 2224 -211 
6.67 2 2214 111 
3.33 2 2114 211 
13.33 2 2112 213 
6.67 2 2212 113 
1.33 3 2212 111 111 
1.33 3 2212 211 -211 
1.33 3 2112 211 111 
22212 13
30 2 2112 211 
15 2 2212 111 
42.5 2 2212 221 
0.25 2 2224 -211 
0.17 2 2214 111 
0.08 2 2114 211 
1.33 2 2112 213 
0.67 2 2212 113 
0.5 3 2212 211 -211 
0.5 3 2212 111 111 
0.5 3 2112 211 111 
2.33 2 12112 211 
1.17 2 12212 111 
22112 13
15 2 2112 111 
30 2 2212 -211 
42.5 2 2112 221 
0.08 2 2214 -211 
0.17 2 2114 111 
0.25 2 1114 211 
0.67 2 2112 113 
1.33 2 2212 -213 
0.5 3 2212 -211 111 
0.5 3 2112 111 111 
0.5 3 2112 211 -211 
1.17 2 12112 111 
2.33 2 12212 -211 
32214 9
5.83 2 2112 211 
11.67 2 2212 111 
22 2 2224 -211 
3.67 2 2214 111 
29.33 2 2114 211 
4.17 2 2112 213 
8.33 2 2212 113 
7.5 2 12112 211 
15 2 12212 111 
32224 5
17.5 2 2212 211 
33 2 2224 111 
22 2 2214 211 
12.5 2 2212 213 
22.5 2 12212 211 
31114 5
17.5 2 2112 -211 
22 2 2114 -211 
33 2 1114 111 
12.5 2 2112 -213 
22.5 2 12112 -211 
32114 9
11.67 2 2112 111 
5.83 2 2212 -211 
29.33 2 2214 -211 
3.67 2 2114 111 
22 2 1114 211 
8.33 2 2112 113 
4.17 2 2212 -213 
15 2 12112 111 
7.5 2 12212 -211 
1112 4
25 2 2112 -211 
18 2 2114 -211 
27 2 1114 111 
16 2 2112 -213 
2122 7
8.33 2 2112 211 
16.67 2 2212 111 
18 2 2224 -211 
3 2 2214 111 
24 2 2114 211 
5.33 2 2112 213 
10.67 2 2212 113 
1212 7
16.67 2 2112 111 
8.33 2 2212 -211 
24 2 2214 -211 
3 2 2114 111 
18 2 1114 211 
10.67 2 2112 113 
5.33 2 2212 -213 
2222 4
25 2 2212 211 
27 2 2224 111 
18 2 2214 211 
16 2 2212 213 
32212 14
48.33 2 2112 211 
24.17 2 2212 111 
6.5 2 2212 221 
7 2 3122 321 
2 2 2224 -211 
1.33 2 2214 111 
0.67 2 2114 211 
5.33 2 2112 213 
2.67 2 2212 113 
0.67 3 2212 211 -211 
0.67 3 2212 111 111 
0.67 3 2112 211 111 
1.67 2 12112 211 
0.83 2 12212 111 
32112 14
24.17 2 2112 111 
48.33 2 2212 -211 
6.5 2 2112 221 
7 2 3122 311 
0.67 2 2214 -211 
1.33 2 2114 111 
2 2 1114 211 
2.67 2 2112 113 
5.33 2 2212 -213 
0.67 3 2212 -211 111 
0.67 3 2112 211 -211 
0.67 3 2112 111 111 
0.83 2 12112 111 
1.67 2 12212 -211 
2116 8
15 2 2112 111 
30 2 2212 -211 
0.5 2 3122 311 
9.17 2 2214 -211 
18.33 2 2114 111 
27.5 2 1114 211 
0.67 2 2112 113 
1.33 2 2212 -213 
2216 8
30 2 2112 211 
15 2 2212 111 
0.5 2 3122 321 
27.5 2 2224 -211 
18.33 2 2214 111 
9.17 2 2114 211 
1.33 2 2112 213 
0.67 2 2212 113 
12216 10
43.33 2 2112 211 
21.67 2 2212 111 
5 2 2224 -211 
3.33 2 2214 111 
1.67 2 2114 211 
6 2 2112 213 
3 2 2212 113 
4.17 3 2212 111 111 
4.17 3 2212 211 -211 
4.17 3 2112 211 111 
12116 10
21.67 2 2112 111 
43.33 2 2212 -211 
1.67 2 2214 -211 
3.33 2 2114 111 
5 2 1114 211 
3 2 2112 113 
6 2 2212 -213 
4.17 3 2212 111 -211 
4.17 3 2112 111 111 
4.17 3 2112 211 -211 
12214 7
5 2 2112 211 
10 2 2212 111 
18 2 2224 -211 
3 2 2214 111 
24 2 2114 211 
14.17 2 2112 213 
28.33 2 2212 113 
12224 4
15 2 2212 211 
27 2 2224 111 
18 2 2214 211 
42.5 2 2212 213 
21214 6
3.33 2 2112 111 
6.67 2 2212 -211 
1.5 2 3122 311 
30 3 2212 111 -211 
30 3 2112 111 111 
30 3 2112 211 -211 
11114 4
15 2 2112 -211 
18 2 2114 -211 
27 2 1114 111 
42.5 2 2112 -213 
22124 6
6.67 2 2112 211 
3.33 2 2212 111 
1.5 2 3122 321 
30 3 2212 111 111 
30 3 2212 211 -211 
30 3 2112 211 111 
12114 7
10 2 2112 111 
5 2 2212 -211 
24 2 2214 -211 
3 2 2114 111 
18 2 1114 211 
28.33 2 2112 113 
14.17 2 2212 -213 
42212 12
10 2 2112 211 
5 2 2212 111 
6 2 2212 221 
15 2 3122 321 
13.75 2 2224 -211 
9.17 2 2214 111 
4.58 2 2114 211 
10 2 2112 213 
5 2 2212 113 
8.33 3 2212 111 111 
8.33 3 2212 211 -211 
8.33 3 2112 211 111 
42112 12
5 2 2112 111 
10 2 2212 -211 
6 2 2112 221 
15 2 3122 311 
4.58 2 2214 -211 
9.17 2 2114 111 
13.75 2 1114 211 
5 2 2112 113 
10 2 2212 -213 
8.33 3 2212 111 -211 
8.33 3 2112 111 111 
8.33 3 2112 211 -211 
31214 6
5 2 2112 111 
10 2 2212 -211 
4 2 2112 221 
8 2 3122 311 
25.83 2 2112 113 
51.67 2 2212 -213 
32124 6
10 2 2112 211 
5 2 2212 111 
4 2 2212 221 
8 2 3122 321 
51.67 2 2112 213 
25.83 2 2212 113 
2211875 12
2.5 2 2212 111 
5 2 2112 211 
1.2 2 2212 221 
20 2 2212 223 
18 2 2214 111 
9 2 2114 211 
27 2 2224 -211 
2 2 2212 113 
4 2 2112 213 
4 3 2212 211 -211 
2 3 2212 111 111 
4 3 2112 211 111 
2111875 12
2.5 2 2112 111 
5 2 2212 -211 
1.2 2 2112 221 
20 2 2112 223 
27 2 1114 211 
18 2 2114 111 
9 2 2214 -211 
2 2 2112 113 
4 2 2212 -213 
4 3 2112 211 -211 
2 3 2112 111 111 
4 3 2212 -211 111 
2111900 7
2 2 2112 111 
4 2 2212 -211 
12 2 2112 221 
13 2 2112 223 
2 2 22112 111 
4 2 22212 -211 
5 2 3122 311 
2211900 7
2 2 2212 111 
4 2 2112 211 
12 2 2212 221 
13 2 2212 223 
2 2 22212 111 
4 2 22112 211 
5 2 3122 321 
2226 4
10 2 2212 211 
7.5 2 2224 111 
5 2 2214 211 
80 2 2212 213 
2126 7
3.33 2 2112 211 
6.67 2 2212 111 
5 2 2224 -211 
0.83 2 2214 111 
6.67 2 2114 211 
26.67 2 2112 213 
53.33 2 2212 113 
1116 4
10 2 2112 -211 
5 2 2114 -211 
7.5 2 1114 111 
80 2 2112 -213 
1216 7
6.67 2 2112 111 
3.33 2 2212 -211 
6.67 2 2214 -211 
0.83 2 2114 111 
5 2 1114 211 
53.33 2 2112 113 
26.67 2 2212 -213 
21212 3
15 2 2112 111 
7.5 2 2212 -211 
9 2 2114 221 
22122 3
7.5 2 2112 211 
15 2 2212 111 
9 2 2214 221 
21112 2
22.5 2 2112 -211 
9 2 1114 221 
22222 2
22.5 2 2212 211 
9 2 2224 221 
22224 2
12.5 2 2212 211 
12 2 2224 221 
22114 3
8.33 2 2112 111 
4.17 2 2212 -211 
12 2 2114 221 
21114 2
12.5 2 2112 -211 
12 2 1114 221 
22214 3
4.17 2 2112 211 
8.33 2 2212 111 
12 2 2214 221 
11116 1
15 2 2112 -211 
11216 2
10 2 2112 111 
5 2 2212 -211 
12126 2
5 2 2112 211 
10 2 2212 111 
12226 1
15 2 2212 211 
2118 7
25 2 2112 111 
12.5 2 2212 -211 
13.33 2 2214 -211 
1.67 2 2114 111 
10 2 1114 211 
3.33 2 2112 113 
1.67 2 2212 -213 
1118 4
37.5 2 2112 -211 
10 2 2114 -211 
15 2 1114 111 
5 2 2112 -213 
2228 4
37.5 2 2212 211 
15 2 2224 111 
10 2 2214 211 
5 2 2212 213 
2218 7
12.5 2 2112 211 
25 2 2212 111 
10 2 2224 -211 
1.67 2 2214 111 
13.33 2 2114 211 
1.67 2 2112 213 
3.33 2 2212 113 
2128 2
10 2 2112 211 
5 2 2212 111 
1218 2
5 2 2112 111 
10 2 2212 -211 
91 2
15 2 2112 211 
7.5 2 2212 111 
92 2
7.5 2 2112 111 
15 2 2212 -211 
94 2
3.33 2 2112 111 
6.67 2 2212 -211 
93 2
6.67 2 2112 211 
3.33 2 2212 111 
97 1
10 2 2212 211 
910 1
10 2 2112 -211 
98 2
3.33 2 2112 211 
6.67 2 2212 111 
99 2
6.67 2 2112 111 
3.33 2 2212 -211 
95 2
5 2 2112 211 
2.5 2 2212 111 
96 2
2.5 2 2112 111 
5 2 2212 -211 
3122 2
63.9 2 2212 -211 
35.8 2 2112 111 
3222 2
51.57 2 2212 111 
48.31 2 2112 211 
3212 1
100 1 3122 
3112 1
20 2 2112 -211 
3224 3
88 2 3122 211 
6 2 3222 111 
6 2 3212 211 
3214 3
88 2 3122 111 
6 2 3222 -211 
6 2 3112 211 
3114 3
88 2 3122 -211 
6 2 3212 -211 
6 2 3112 111 
13122 3
33.33 2 3222 -211 
33.33 2 3212 111 
33.33 2 3112 211 
3124 12
22.5 2 2212 -321 
22.5 2 2112 -311 
14 2 3222 -211 
14 2 3212 111 
14 2 3112 211 
5 3 3122 211 -211 
5 3 3122 111 111 
0.225 3 3222 -211 111 
0.225 3 3212 211 -211 
0.225 3 3212 111 111 
0.225 3 3112 211 111 
0.8 1 3122 
23122 5
11.25 2 2212 -321 
11.25 2 2112 -311 
11.67 2 3222 -211 
11.67 2 3212 111 
11.67 2 3112 211 
13212 2
10 2 2212 -321 
10 2 2112 -311 
13222 1
20 2 2212 -311 
13112 1
20 2 2112 -321 
13214 5
5 2 2212 -321 
5 2 2112 -311 
10 2 3122 111 
22.5 2 3222 -211 
22.5 2 3112 211 
33122 6
12.5 2 2212 -321 
12.5 2 2112 -311 
13.33 2 3222 -211 
13.33 2 3212 111 
13.33 2 3112 211 
17.5 2 3122 221 
13224 4
10 2 2212 -311 
10 2 3122 211 
22.5 2 3222 111 
22.5 2 3212 211 
13114 4
10 2 2112 -321 
10 2 3122 -211 
22.5 2 3212 -211 
22.5 2 3112 111 
13124 11
12.5 2 2212 -321 
12.5 2 2112 -311 
10 2 3222 -211 
10 2 3212 111 
10 2 3112 211 
12.5 3 3122 111 111 
12.5 3 3122 211 -211 
5 3 3222 -211 111 
5 3 3212 211 -211 
5 3 3212 111 111 
5 3 3112 211 111 
23112 4
25 2 2112 -321 
2 2 3212 -211 
2 2 3112 111 
35 2 3112 221 
23212 5
12.5 2 2212 -321 
12.5 2 2112 -311 
2 2 3222 -211 
2 2 3112 211 
35 2 3212 221 
23222 4
25 2 2212 -311 
2 2 3222 111 
2 2 3212 211 
35 2 3222 221 
3226 7
40 2 2212 -311 
17 2 3122 211 
1.75 2 3222 111 
1.75 2 3212 211 
5 2 3224 111 
5 2 3214 211 
20 2 3124 211 
3216 8
20 2 2212 -321 
20 2 2112 -311 
17 2 3122 111 
1.75 2 3222 -211 
1.75 2 3112 211 
5 2 3224 -211 
5 2 3114 211 
20 2 3124 111 
3116 7
40 2 2112 -321 
17 2 3122 -211 
1.75 2 3212 -211 
1.75 2 3112 111 
5 2 3214 -211 
5 2 3114 111 
20 2 3124 -211 
43122 3
16.25 2 2212 -321 
16.25 2 2112 -311 
6 2 3122 221 
53122 7
17.5 2 2212 -321 
17.5 2 2112 -311 
8.33 2 3222 -211 
8.33 2 3212 111 
8.33 2 3112 211 
22.5 2 2212 -323 
22.5 2 2112 -313 
3126 8
30 2 2212 -321 
30 2 2112 -311 
3.67 2 3222 -211 
3.67 2 3212 111 
3.67 2 3112 211 
2.5 2 3224 -211 
2.5 2 3214 111 
2.5 2 3114 211 
13126 8
3.25 2 2212 -321 
3.25 2 2112 -311 
18.33 2 3222 -211 
18.33 2 3212 111 
18.33 2 3112 211 
12.83 2 3224 -211 
12.83 2 3214 111 
12.83 2 3114 211 
23124 5
13.75 2 2212 -321 
13.75 2 2112 -311 
2.17 2 3222 -211 
2.17 2 3212 111 
2.17 2 3112 211 
13226 3
10 2 2212 -311 
1.25 2 3224 111 
1.25 2 3214 211 
13216 4
5 2 2212 -321 
5 2 2112 -311 
1.25 2 3224 -211 
1.25 2 3114 211 
13116 3
10 2 2112 -321 
1.25 2 3214 -211 
1.25 2 3114 111 
23114 1
10 2 2112 -321 
23214 2
5 2 2212 -321 
5 2 2112 -311 
23224 1
10 2 2212 -311 
3218 14
10 2 2212 -321 
10 2 2112 -311 
20 2 3122 111 
3.75 2 3222 -211 
3.75 2 3112 211 
0.5 2 3322 311 
0.5 2 3312 321 
5 2 3224 -211 
5 2 3114 211 
15 2 3124 111 
7.5 2 2214 -321 
7.5 2 2114 -311 
1.25 2 2212 -323 
1.25 2 2112 -313 
3228 11
20 2 2212 -311 
20 2 3122 211 
3.75 2 3222 111 
3.75 2 3212 211 
1 2 3322 321 
5 2 3224 111 
5 2 3214 211 
15 2 3124 211 
11.25 2 2224 -321 
3.75 2 2214 -311 
2.5 2 2212 -313 
3118 11
20 2 2112 -321 
20 2 3122 -211 
3.75 2 3212 -211 
3.75 2 3112 111 
1 2 3312 311 
5 2 3214 -211 
5 2 3114 111 
15 2 3124 -211 
3.75 2 2114 -321 
11.25 2 1114 -311 
2.5 2 2112 -323 
3128 11
15 2 2212 -321 
15 2 2112 -311 
1.67 2 3222 -211 
1.67 2 3212 111 
1.67 2 3112 211 
1.5 2 3122 221 
0.75 2 3322 311 
0.75 2 3312 321 
4 2 3122 223 
7.5 2 2212 -323 
7.5 2 2112 -313 
23126 7
7.5 2 2212 -321 
7.5 2 2112 -311 
8.33 2 3222 -211 
8.33 2 3212 111 
8.33 2 3112 211 
17.5 2 2212 -323 
17.5 2 2112 -313 
911 5
6 2 2212 -321 
6 2 2112 -311 
3.33 2 3222 -211 
3.33 2 3212 111 
3.33 2 3112 211 
3322 1
99.522 2 3122 111 
3312 1
99.887 2 3122 -211 
3324 2
66.67 2 3312 211 
33.33 2 3322 111 
3314 2
33.33 2 3312 111 
66.67 2 3322 -211 
23324 5
33 2 3122 -311 
22 2 3222 -321 
11 2 3212 -311 
11 2 3322 111 
22 2 3312 211 
23314 5
33 2 3122 -321 
11 2 3212 -321 
22 2 3112 -311 
22 2 3322 -211 
11 2 3312 111 
13324 1
100 2 3122 -311 
13314 1
100 2 3122 -321 
33324 3
50 2 3122 -311 
16.7 2 3322 111 
33.3 2 3312 211 
33314 3
50 2 3122 -321 
16.7 2 3312 111 
33.3 2 3322 -211 
43314 3
20 2 3122 -321 
26.67 2 3212 -321 
53.33 2 3112 -311 
43324 3
20 2 3122 -311 
53.33 2 3222 -321 
26.67 2 3212 -311 
3334 3
67.8 2 3122 -321 
23.6 2 3322 -211 
8.6 2 3312 111 
