213
9000221 2
66.66 2 211 -211 
33.33 2 111 111 
310 2
30.8 2 111 111 
69.2 2 211 -211 
221 4
32.68 3 111 111 111 
22.92 3 211 -211 111 
4.22 3 211 -211 22 
39.41 2 22 22 
213 1
100 2 211 111 
113 1
100 2 211 -211 
223 3
89.9 3 211 -211 111 
8.5 2 111 22 
1.6 2 211 -211 
331 5
42.9 3 211 -211 221 
29.1 2 113 22 
22.2 3 111 111 221 
2.75 2 223 22 
2.2 2 22 22 
9010221 2
66.67 2 211 -211 
33.33 2 111 111 
9000211 1
100 2 221 211 
9000111 1
100 2 221 111 
333 4
48.9 2 321 -321 
34.2 2 311 -311 
15.32 3 211 -211 111 
1.31 2 221 22 
10223 3
33.33 2 213 -211 
33.33 2 113 111 
33.33 2 -213 211 
10213 1
100 2 223 211 
10113 1
100 2 223 111 
20213 2
50 2 213 111 
50 2 113 211 
20113 2
50 2 213 -211 
50 2 -213 211 
225 6
56.47 2 211 -211 
28.23 2 111 111 
7.1 4 211 -211 111 111 
2.3 2 321 -321 
2.3 2 311 -311 
2.8 4 211 211 -211 -211 
20223 12
22 4 111 111 211 -211 
11 3 211 -211 113 
12 2 9000211 -211 
12 2 9000111 111 
12 2 -9000211 211 
10.67 3 221 211 -211 
5.33 3 221 111 111 
2.25 3 321 -321 111 
2.25 3 321 -311 -211 
2.25 3 311 -321 211 
2.25 3 311 -311 111 
5.5 1 113 
100221 2
66.67 3 221 211 -211 
33.33 3 221 111 111 
100211 2
50 2 211 113 
50 2 111 213 
100111 2
50 2 211 -213 
50 2 -211 213 
215 5
35.05 2 213 111 
35.05 2 113 211 
14.5 2 211 221 
10.5 3 223 211 111 
4.9 2 321 -311 
115 6
35.05 2 211 -213 
35.05 2 -211 213 
14.5 2 111 221 
10.5 3 223 211 -211 
2.45 2 321 -321 
2.45 2 311 -311 
10221 2
66.67 2 211 -211 
33.33 2 111 111 
9000213 1
100 2 221 211 
9000113 1
100 2 221 111 
9020221 14
5 3 321 -321 111 
5 3 321 -311 -211 
5 3 311 -311 111 
5 3 311 -321 211 
5 2 321 -323 
5 2 -321 323 
5 2 311 -313 
5 2 -311 313 
13.33 3 221 211 -211 
6.66 3 221 111 111 
20 2 9010221 221 
6.67 4 211 -211 211 -211 
6.67 4 211 -211 111 111 
6.67 4 111 111 111 111 
100223 3
33.33 2 213 -211 
33.33 2 113 111 
33.33 2 -213 211 
20333 4
25 2 321 -323 
25 2 -321 323 
25 2 311 -313 
25 2 -311 313 
100113 1
100 2 211 -211 
100213 1
100 2 211 111 
10211 3
33.33 2 211 221 
33.33 2 211 331 
33.34 2 321 -311 
10111 4
33.333 2 111 221 
33.333 2 111 331 
16.667 2 321 -321 
16.667 2 311 -311 
100331 4
25 3 321 -321 111 
25 3 311 -311 111 
25 3 321 -311 -211 
25 3 -321 311 211 
9030221 8
2 2 221 331 
5 2 221 221 
24 4 111 111 111 111 
24 4 211 -211 211 -211 
24 2 211 -211 
12 2 111 111 
4.5 2 321 -321 
4.5 2 311 -311 
335 5
44.4 2 321 -321 
44.4 2 311 -311 
10.3 2 221 221 
0.3 2 111 111 
0.6 2 211 -211 
10225 10
10 2 115 111 
10 2 215 -211 
10 2 -215 211 
10 2 321 -323 
10 2 -321 323 
10 2 311 -313 
10 2 -311 313 
10 2 10111 111 
10 2 10211 -211 
10 2 -10211 211 
30223 6
11.11 2 213 -211 
11.11 2 113 111 
11.11 2 -213 211 
22.22 3 223 211 -211 
11.11 3 223 111 111 
33.33 2 223 221 
9010113 6
16.66 2 213 -211 
16.66 2 -213 211 
16.66 2 10213 -211 
16.66 2 -10213 211 
16.66 2 331 111 
16.66 2 20223 111 
9010213 6
16.67 2 113 211 
16.67 2 213 111 
16.67 2 10113 211 
16.67 2 10213 111 
16.66 2 331 211 
16.66 2 20223 211 
227 5
16.67 2 213 -211 
16.67 2 113 111 
16.67 2 -213 211 
16.66 3 223 111 111 
33.33 3 223 211 -211 
10115 10
53.5 2 225 111 
13.5 2 211 -213 
13.5 2 -211 213 
7.8 2 9000221 111 
5.7 2 10221 111 
1 2 321 -323 
1 2 -321 323 
1 2 311 -313 
1 2 -311 313 
2 2 223 113 
10215 8
53.5 2 225 211 
13.5 2 211 113 
13.5 2 111 213 
7.8 2 9000221 211 
5.7 2 10221 211 
2 2 321 -313 
2 2 323 -311 
2 2 223 213 
100333 4
25 2 321 -323 
25 2 -321 323 
25 2 311 -313 
25 2 -311 313 
217 7
59 4 211 211 -211 111 
12 2 223 211 
23.7 2 211 111 
1.2 3 321 -321 211 
1.2 3 311 -311 211 
1.2 3 321 -311 111 
1.7 2 321 -311 
117 9
59 4 111 211 -211 111 
12 2 223 111 
23.7 2 211 -211 
0.9 3 321 -321 111 
0.9 3 321 -311 -211 
0.9 3 311 -311 111 
0.9 3 311 -321 211 
0.85 2 321 -321 
0.85 2 311 -311 
30113 4
33.33 4 211 -211 211 -211 
33.33 3 113 211 -211 
16.67 3 213 -211 111 
16.67 3 -213 211 111 
30213 4
25 3 213 211 -211 
25 3 213 111 111 
25 3 113 211 111 
25 3 -213 211 211 
10331 5
16.67 2 321 -321 
16.67 2 311 -311 
33.33 2 221 221 
22.22 2 211 -211 
11.11 2 111 111 
200211 8
11 3 211 111 111 
11 3 211 211 -211 
21 3 221 221 211 
21 3 221 331 211 
9 2 10321 -311 
9 2 323 -311 
9 2 321 -10311 
9 2 321 -313 
200111 12
11 3 211 -211 111 
11 3 111 111 111 
21 3 221 221 111 
21 3 221 331 111 
4.5 2 10321 -321 
4.5 2 10311 -311 
4.5 2 323 -321 
4.5 2 313 -311 
4.5 2 -10321 321 
4.5 2 -323 321 
4.5 2 -10311 311 
4.5 2 -313 311 
337 6
25 2 321 -321 
25 2 311 -311 
12.5 2 321 -323 
12.5 2 -321 323 
12.5 2 311 -313 
12.5 2 -311 313 
20215 3
50 2 9000211 221 
40 2 215 221 
10 2 9030221 211 
20115 3
50 2 9000111 221 
40 2 115 221 
10 2 9030221 111 
9050225 6
12.5 2 321 -321 
12.5 2 311 -311 
33 2 211 -211 
17 2 111 111 
12.5 2 221 221 
12.5 2 323 -323 
100335 1
100 2 333 333 
119 6
12.5 2 321 -321 
12.5 2 311 -311 
25 3 211 -211 111 
25 2 221 111 
12.5 2 331 111 
12.5 2 225 111 
219 6
25 2 321 -311 
12.5 3 211 -211 211 
12.5 3 211 111 111 
25 2 221 211 
12.5 2 331 211 
12.5 2 225 211 
229 7
11.33 2 211 -211 
5.67 2 111 111 
0.34 2 321 -321 
0.34 2 311 -311 
0.21 2 221 221 
0.6 4 111 111 111 111 
81.51 2 223 223 
200333 2
50 2 333 9010221 
50 3 321 -321 9010221 
9060225 1
100 2 333 333 
9070225 1
100 2 333 333 
311 2
50 1 310 
50 1 130 
323 2
33.33 2 321 111 
66.67 2 311 211 
313 2
33.33 2 311 111 
66.67 2 321 -211 
10313 8
14 2 311 113 
28 2 321 -213 
9.33 2 10311 111 
18.67 2 10321 -211 
5.33 2 313 111 
10.67 2 323 -211 
11 2 311 223 
3 2 311 10221 
10323 8
14 2 321 113 
28 2 311 213 
9.33 2 10321 111 
18.67 2 10311 211 
5.33 2 323 111 
10.67 2 313 211 
11 2 321 223 
3 2 10221 321 
20313 6
31.33 2 313 111 
62.67 2 323 -211 
1 2 311 113 
2 2 321 -213 
2 2 311 10221 
1 2 311 223 
20323 6
62.67 2 313 211 
31.33 2 323 111 
2 2 311 213 
1 2 321 113 
2 2 321 10221 
1 2 321 223 
10311 3
31 2 311 111 
62 2 321 -211 
7 2 311 221 
10321 2
66.67 2 311 211 
33.33 2 321 111 
100313 6
29.13 2 313 111 
58.27 2 323 -211 
2.2 2 311 111 
4.4 2 321 -211 
2 2 311 113 
4 2 321 -213 
100323 6
58.27 2 313 211 
29.13 2 323 111 
4.4 2 311 211 
2.2 2 321 111 
4 2 311 213 
2 2 321 113 
325 10
33.27 2 311 211 
16.63 2 321 111 
16.47 2 313 211 
8.23 2 323 111 
4.5 3 313 211 111 
4.5 3 323 211 -211 
4.5 3 323 111 111 
6 2 311 213 
3 2 321 113 
2.9 2 321 223 
315 10
16.63 2 311 111 
33.27 2 321 -211 
8.23 2 313 111 
16.47 2 323 -211 
4.5 3 323 -211 111 
4.5 3 313 111 111 
4.5 3 313 211 -211 
3 2 311 113 
6 2 321 -213 
2.9 2 311 223 
30323 6
25.8 2 311 211 
12.9 2 321 111 
20.9 2 311 213 
10.5 2 321 113 
19.9 2 313 211 
10 2 323 111 
30313 6
12.9 2 311 111 
25.8 2 321 -211 
10.5 2 311 113 
20.9 2 321 -213 
10 2 313 111 
19.9 2 323 -211 
10325 2
66.67 2 315 211 
33.33 2 325 111 
10315 2
33.33 2 315 111 
66.67 2 325 -211 
317 9
9 2 311 113 
18 2 321 -213 
6.67 2 313 111 
13.33 2 323 -211 
6.27 2 311 111 
12.53 2 321 -211 
26.2 2 311 221 
2.67 2 315 111 
5.33 2 325 -211 
327 9
18 2 311 213 
9 2 321 113 
13.33 2 313 211 
6.67 2 323 111 
12.53 2 311 211 
6.27 2 321 111 
26.2 2 321 221 
5.33 2 315 211 
2.67 2 325 111 
20325 6
16.67 2 315 211 
8.33 2 325 111 
16.67 2 313 211 
8.33 2 323 111 
25 2 321 225 
25 2 321 223 
20315 6
8.33 2 315 111 
16.67 2 325 -211 
8.33 2 313 111 
16.67 2 323 -211 
25 2 311 225 
25 2 311 223 
319 17
3.3 2 311 111 
6.6 2 321 -211 
3 3 323 -211 111 
3 3 313 111 111 
3 3 313 211 -211 
1.75 4 323 -211 111 111 
1.75 4 323 -211 211 -211 
1.75 4 313 111 111 111 
1.75 4 313 211 -211 111 
1.9 3 213 311 -211 
1.9 3 113 311 111 
1.9 3 113 321 -211 
1.6667 3 223 311 111 
3.3333 3 223 321 -211 
0.9333 3 333 311 111 
1.8667 3 333 321 -211 
1.4 2 333 313 
329 19
6.6 2 211 311 
3.3 2 111 321 
3 3 323 211 -211 
3 3 323 111 111 
3 3 313 211 111 
1.75 4 323 211 -211 111 
1.75 4 323 111 111 111 
1.75 4 313 211 111 111 
1.75 4 313 211 211 -211 
1.14 3 213 311 111 
1.14 3 213 321 -211 
1.14 3 113 321 111 
1.14 3 113 311 211 
1.14 3 -213 321 211 
3.3333 3 223 211 311 
1.6667 3 223 111 321 
1.8667 3 333 311 211 
0.9333 3 333 321 111 
1.4 2 333 323 
2114 2
66.67 2 2112 111 
33.33 2 2212 -211 
2214 2
33.33 2 2112 211 
66.67 2 2212 111 
1114 1
100 2 2112 -211 
2224 1
100 2 2212 211 
12212 10
42 2 2112 211 
21 2 2212 111 
12.5 2 2224 -211 
8.33 2 2214 111 
4.17 2 2114 211 
2.67 2 2112 213 
1.33 2 2212 113 
2.67 3 2212 111 111 
2.66 3 2212 211 -211 
2.67 3 2112 211 111 
12112 10
21 2 2112 111 
42 2 2212 -211 
4.17 2 2214 -211 
8.33 2 2114 111 
12.5 2 1114 211 
1.33 2 2112 113 
2.67 2 2212 -213 
2.67 3 2212 111 -211 
2.67 3 2112 111 111 
2.66 3 2112 211 -211 
2124 10
37 2 2112 211 
18.5 2 2212 111 
10 2 2224 -211 
7 2 2214 111 
3.5 2 2114 211 
13.33 2 2112 213 
6.67 2 2212 113 
1.34 3 2212 111 111 
1.33 3 2212 211 -211 
1.33 3 2112 211 111 
1214 10
18.5 2 2112 111 
37 2 2212 -211 
3.5 2 2214 -211 
7 2 2114 111 
10 2 1114 211 
6.67 2 2112 113 
13.33 2 2212 -213 
1.33 3 2212 111 -211 
1.34 3 2112 111 111 
1.33 3 2112 211 -211 
22212 13
30 2 2112 211 
15 2 2212 111 
47.5 2 2212 221 
0.25 2 2224 -211 
0.17 2 2214 111 
0.08 2 2114 211 
1.33 2 2112 213 
0.67 2 2212 113 
0.5 3 2212 211 -211 
0.5 3 2212 111 111 
0.5 3 2112 211 111 
2.33 2 12112 211 
1.17 2 12212 111 
22112 13
15 2 2112 111 
30 2 2212 -211 
47.5 2 2112 221 
0.08 2 2214 -211 
0.17 2 2114 111 
0.25 2 1114 211 
0.67 2 2112 113 
1.33 2 2212 -213 
0.5 3 2212 -211 111 
0.5 3 2112 111 111 
0.5 3 2112 211 -211 
1.17 2 12112 111 
2.33 2 12212 -211 
32224 4
15 2 2212 211 
45 2 2224 111 
30 2 2214 211 
10 2 12212 211 
32214 7
5 2 2112 211 
10 2 2212 111 
30 2 2224 -211 
5 2 2214 111 
40 2 2114 211 
3.33 2 12112 211 
6.67 2 12212 111 
32114 7
10 2 2112 111 
5 2 2212 -211 
40 2 2214 -211 
5 2 2114 111 
30 2 1114 211 
6.67 2 12112 111 
3.33 2 12212 -211 
31114 4
15 2 2112 -211 
30 2 2114 -211 
45 2 1114 111 
10 2 12112 -211 
1212 7
20 2 2112 111 
10 2 2212 -211 
32 2 2214 -211 
4 2 2114 111 
24 2 1114 211 
6.67 2 12112 111 
3.33 2 12212 -211 
1112 4
30 2 2112 -211 
24 2 2114 -211 
36 2 1114 111 
10 2 12112 -211 
2222 4
30 2 2212 211 
36 2 2224 111 
24 2 2214 211 
10 2 12212 211 
2122 7
10 2 2112 211 
20 2 2212 111 
24 2 2224 -211 
4 2 2214 111 
32 2 2114 211 
3.33 2 12112 211 
6.67 2 12212 111 
32212 14
46 2 2112 211 
23 2 2212 111 
7.5 2 2212 221 
7 2 3122 321 
2 2 2224 -211 
1.33 2 2214 111 
0.67 2 2114 211 
5.33 2 2112 213 
2.67 2 2212 113 
0.67 3 2212 211 -211 
0.66 3 2212 111 111 
0.67 3 2112 211 111 
1.67 2 12112 211 
0.83 2 12212 111 
32112 14
23 2 2112 111 
46 2 2212 -211 
7.5 2 2112 221 
7 2 3122 311 
0.67 2 2214 -211 
1.33 2 2114 111 
2 2 1114 211 
2.67 2 2112 113 
5.33 2 2212 -213 
0.67 3 2212 -211 111 
0.67 3 2112 211 -211 
0.66 3 2112 111 111 
0.83 2 12112 111 
1.67 2 12212 -211 
2116 8
14 2 2112 111 
28 2 2212 -211 
0.5 2 3122 311 
9.33 2 2214 -211 
18.67 2 2114 111 
27.5 2 1114 211 
0.67 2 2112 113 
1.33 2 2212 -213 
2216 8
28 2 2112 211 
14 2 2212 111 
0.5 2 3122 321 
27.5 2 2224 -211 
18.67 2 2214 111 
9.33 2 2114 211 
1.33 2 2112 213 
0.67 2 2212 113 
12116 10
22.5 2 2112 111 
45 2 2212 -211 
1.67 2 2214 -211 
3.33 2 2114 111 
5 2 1114 211 
3 2 2112 113 
6 2 2212 -213 
4.5 3 2212 111 -211 
4.5 3 2112 111 111 
4.5 3 2112 211 -211 
12216 10
45 2 2112 211 
22.5 2 2212 111 
5 2 2224 -211 
3.33 2 2214 111 
1.67 2 2114 211 
6 2 2112 213 
3 2 2212 113 
4.5 3 2212 111 111 
4.5 3 2212 211 -211 
4.5 3 2112 211 111 
12114 8
12 2 2112 111 
6 2 2212 -211 
24 2 2214 -211 
3 2 2114 111 
18 2 1114 211 
20 2 2112 113 
10 2 2212 -213 
7 2 2114 221 
12214 8
6 2 2112 211 
12 2 2212 111 
18 2 2224 -211 
3 2 2214 111 
24 2 2114 211 
10 2 2112 213 
20 2 2212 113 
7 2 2214 221 
22124 6
6 2 2112 211 
3 2 2212 111 
1 2 3122 321 
30 3 2212 111 111 
30 3 2212 211 -211 
30 3 2112 211 111 
21214 6
3 2 2112 111 
6 2 2212 -211 
1 2 3122 311 
30 3 2212 111 -211 
30 3 2112 111 111 
30 3 2112 211 -211 
11114 5
18 2 2112 -211 
18 2 2114 -211 
27 2 1114 111 
30 2 2112 -213 
7 2 1114 221 
12224 5
18 2 2212 211 
27 2 2224 111 
18 2 2214 211 
30 2 2212 213 
7 2 2224 221 
42112 12
4 2 2112 111 
8 2 2212 -211 
6 2 2112 221 
15.5 2 3122 311 
4.58 2 2214 -211 
9.17 2 2114 111 
13.75 2 1114 211 
5 2 2112 113 
10 2 2212 -213 
8 3 2212 111 -211 
8 3 2112 111 111 
8 3 2112 211 -211 
42212 12
8 2 2112 211 
4 2 2212 111 
6 2 2212 221 
15.5 2 3122 321 
13.75 2 2224 -211 
9.17 2 2214 111 
4.58 2 2114 211 
10 2 2112 213 
5 2 2212 113 
8 3 2212 111 111 
8 3 2212 211 -211 
8 3 2112 211 111 
31214 6
4 2 2112 111 
8 2 2212 -211 
4 2 2112 221 
7.5 2 3122 311 
25.5 2 2112 113 
51 2 2212 -213 
32124 6
8 2 2112 211 
4 2 2212 111 
4 2 2212 221 
7.5 2 3122 321 
51 2 2112 213 
25.5 2 2212 113 
2111875 12
2.5 2 2112 111 
5 2 2212 -211 
1.2 2 2112 221 
21.3 2 2112 223 
27 2 1114 211 
18 2 2114 111 
9 2 2214 -211 
2 2 2112 113 
4 2 2212 -213 
4 3 2112 211 -211 
2 3 2112 111 111 
4 3 2212 -211 111 
2211875 12
2.5 2 2212 111 
5 2 2112 211 
1.2 2 2212 221 
21.3 2 2212 223 
18 2 2214 111 
9 2 2114 211 
27 2 2224 -211 
2 2 2212 113 
4 2 2112 213 
4 3 2212 211 -211 
2 3 2212 111 111 
4 3 2112 211 111 
2211900 10
4 2 2212 111 
8 2 2112 211 
13 2 2212 221 
13 2 2212 223 
2 2 22212 111 
4 2 22112 211 
11 2 3122 321 
7.5 2 2114 211 
15 2 2214 111 
22.5 2 2224 -211 
2111900 10
4 2 2112 111 
8 2 2212 -211 
13 2 2112 221 
13 2 2112 223 
2 2 22112 111 
4 2 22212 -211 
11 2 3122 311 
7.5 2 2214 -211 
15 2 2114 111 
22.5 2 1114 211 
2126 6
3 2 2112 211 
6 2 2212 111 
36 2 2224 -211 
6 2 2214 111 
48 2 2114 211 
1 2 2214 221 
2226 4
9 2 2212 211 
54 2 2224 111 
36 2 2214 211 
1 2 2224 221 
1216 6
6 2 2112 111 
3 2 2212 -211 
48 2 2214 -211 
6 2 2114 111 
36 2 1114 211 
1 2 2114 221 
1116 4
9 2 2112 -211 
36 2 2114 -211 
54 2 1114 111 
1 2 1114 221 
21112 5
24 2 2112 -211 
24 2 2114 -211 
36 2 1114 111 
9 2 12112 -211 
7 2 1114 221 
22122 8
8 2 2112 211 
16 2 2212 111 
24 2 2224 -211 
4 2 2214 111 
32 2 2114 211 
6 2 12212 111 
3 2 12112 211 
7 2 2214 221 
21212 8
16 2 2112 111 
8 2 2212 -211 
32 2 2214 -211 
4 2 2114 111 
24 2 1114 211 
3 2 12212 -211 
6 2 12112 111 
7 2 2114 221 
22222 5
24 2 2212 211 
36 2 2224 111 
24 2 2214 211 
9 2 12212 211 
7 2 2224 221 
22114 6
10 2 2112 111 
5 2 2212 -211 
10 2 2114 221 
40 2 2214 -211 
5 2 2114 111 
30 2 1114 211 
22214 6
5 2 2112 211 
10 2 2212 111 
10 2 2214 221 
30 2 2224 -211 
5 2 2214 111 
40 2 2114 211 
22224 4
15 2 2212 211 
10 2 2224 221 
45 2 2224 111 
30 2 2214 211 
21114 4
15 2 2112 -211 
10 2 1114 221 
30 2 2114 -211 
45 2 1114 111 
11116 5
15 2 2112 -211 
18 2 2114 -211 
27 2 1114 111 
33 2 2112 -213 
7 2 1114 221 
12126 8
5 2 2112 211 
10 2 2212 111 
18 2 2224 -211 
3 2 2214 111 
24 2 2114 211 
22 2 2212 113 
11 2 2112 213 
7 2 2214 221 
11216 8
10 2 2112 111 
5 2 2212 -211 
24 2 2214 -211 
3 2 2114 111 
18 2 1114 211 
11 2 2212 -213 
22 2 2112 113 
7 2 2114 221 
12226 5
15 2 2212 211 
27 2 2224 111 
18 2 2214 211 
33 2 2212 213 
7 2 2224 221 
2218 7
15 2 2112 211 
30 2 2212 111 
18 2 2224 -211 
3 2 2214 111 
24 2 2114 211 
3.33 2 12116 211 
6.67 2 12216 111 
2118 7
30 2 2112 111 
15 2 2212 -211 
24 2 2214 -211 
3 2 2114 111 
18 2 1114 211 
6.67 2 12116 111 
3.33 2 12216 -211 
2228 4
45 2 2212 211 
27 2 2224 111 
18 2 2214 211 
10 2 12216 211 
1118 4
45 2 2112 -211 
18 2 2114 -211 
27 2 1114 111 
10 2 12116 -211 
2128 8
10 2 2112 211 
5 2 2212 111 
21 2 2212 223 
9 2 2114 211 
18 2 2214 111 
27 2 2224 -211 
3.33 2 2212 113 
6.67 2 2112 213 
1218 8
5 2 2112 111 
10 2 2212 -211 
21 2 2112 223 
9 2 2214 -211 
18 2 2114 111 
27 2 1114 211 
3.33 2 2112 113 
6.67 2 2212 -213 
91 7
15 2 2112 211 
7.5 2 2212 111 
10.5 2 2212 221 
10 2 2212 223 
9.5 2 2114 211 
19 2 2214 111 
28.5 2 2224 -211 
92 7
7.5 2 2112 111 
15 2 2212 -211 
10.5 2 2112 221 
10 2 2112 223 
9.5 2 2214 -211 
19 2 2114 111 
28.5 2 1114 211 
93 8
6.67 2 2112 211 
3.33 2 2212 111 
20 2 2212 223 
9 2 2114 211 
18 2 2214 111 
27 2 2224 -211 
5.33 2 2212 113 
10.67 2 2112 213 
94 8
3.33 2 2112 111 
6.67 2 2212 -211 
20 2 2112 223 
9 2 2214 -211 
18 2 2114 111 
27 2 1114 211 
10.67 2 2212 -213 
5.33 2 2112 113 
97 5
9 2 2212 211 
45 2 2224 111 
30 2 2214 211 
9 2 12216 211 
7 2 2224 221 
910 5
9 2 2112 -211 
30 2 2114 -211 
45 2 1114 111 
9 2 12116 -211 
7 2 1114 221 
99 8
6 2 2112 111 
3 2 2212 -211 
40 2 2214 -211 
5 2 2114 111 
30 2 1114 211 
3 2 12216 -211 
6 2 12116 111 
7 2 2114 221 
98 8
3 2 2112 211 
6 2 2212 111 
30 2 2224 -211 
5 2 2214 111 
40 2 2114 211 
6 2 12216 111 
3 2 12116 211 
7 2 2214 221 
96 8
2 2 2112 111 
4 2 2212 -211 
24 2 2112 223 
9 2 2214 -211 
18 2 2114 111 
27 2 1114 211 
10.67 2 2212 -213 
5.33 2 2112 113 
95 8
4 2 2112 211 
2 2 2212 111 
24 2 2212 223 
9 2 2114 211 
18 2 2214 111 
27 2 2224 -211 
5.33 2 2212 113 
10.67 2 2112 213 
3122 2
63.9 2 2212 -211 
35.8 2 2112 111 
3222 2
51.57 2 2212 111 
48.31 2 2112 211 
3212 1
100 2 3122 22 
3112 1
99.85 2 2112 -211 
3224 3
88 2 3122 211 
6 2 3222 111 
6 2 3212 211 
3214 3
88 2 3122 111 
6 2 3222 -211 
6 2 3112 211 
3114 3
88 2 3122 -211 
6 2 3212 -211 
6 2 3112 111 
13122 3
33.33 2 3222 -211 
33.34 2 3212 111 
33.33 2 3112 211 
3124 12
23 2 2212 -321 
23 2 2112 -311 
14 2 3222 -211 
14 2 3212 111 
14 2 3112 211 
5 3 3122 211 -211 
5 3 3122 111 111 
0.25 3 3222 -211 111 
0.25 3 3212 211 -211 
0.25 3 3212 111 111 
0.25 3 3112 211 111 
1 2 3122 22 
23122 5
20 2 2212 -321 
20 2 2112 -311 
20 2 3222 -211 
20 2 3212 111 
20 2 3112 211 
13212 5
20 2 2212 -321 
20 2 2112 -311 
30 2 3122 111 
15 2 3222 -211 
15 2 3112 211 
13112 4
40 2 2112 -321 
30 2 3122 -211 
15 2 3212 -211 
15 2 3112 111 
13222 4
40 2 2212 -311 
30 2 3122 211 
15 2 3222 111 
15 2 3212 211 
13214 5
10 2 2212 -321 
10 2 2112 -311 
20 2 3122 111 
30 2 3222 -211 
30 2 3112 211 
13224 4
20 2 2212 -311 
20 2 3122 211 
30 2 3222 111 
30 2 3212 211 
13114 4
20 2 2112 -321 
20 2 3122 -211 
30 2 3212 -211 
30 2 3112 111 
33122 6
15 2 2212 -321 
15 2 2112 -311 
17 2 3222 -211 
17 2 3212 111 
17 2 3112 211 
19 2 3122 221 
13124 11
12.5 2 2212 -321 
12.5 2 2112 -311 
10 2 3222 -211 
10 2 3212 111 
10 2 3112 211 
12.5 3 3122 111 111 
12.5 3 3122 211 -211 
5 3 3222 -211 111 
5 3 3212 211 -211 
5 3 3212 111 111 
5 3 3112 211 111 
23222 4
40 2 2212 -311 
4 2 3222 111 
4 2 3212 211 
52 2 3222 221 
23212 5
20 2 2212 -321 
20 2 2112 -311 
4 2 3222 -211 
4 2 3112 211 
52 2 3212 221 
23112 4
40 2 2112 -321 
4 2 3212 -211 
4 2 3112 111 
52 2 3112 221 
3116 7
44 2 2112 -321 
19 2 3122 -211 
2 2 3212 -211 
2 2 3112 111 
6 2 3214 -211 
6 2 3114 111 
21 2 3124 -211 
3226 7
44 2 2212 -311 
19 2 3122 211 
2 2 3222 111 
2 2 3212 211 
6 2 3224 111 
6 2 3214 211 
21 2 3124 211 
3216 8
22 2 2212 -321 
22 2 2112 -311 
19 2 3122 111 
2 2 3222 -211 
2 2 3112 211 
6 2 3224 -211 
6 2 3114 211 
21 2 3124 111 
43122 6
20 2 2212 -321 
20 2 2112 -311 
6 2 3122 221 
18 2 3222 -211 
18 2 3212 111 
18 2 3112 211 
53122 7
17 2 2212 -321 
17 2 2112 -311 
8 2 3222 -211 
8 2 3212 111 
8 2 3112 211 
21 2 2212 -323 
21 2 2112 -313 
3126 8
35 2 2212 -321 
35 2 2112 -311 
6 2 3222 -211 
6 2 3212 111 
6 2 3112 211 
4 2 3224 -211 
4 2 3214 111 
4 2 3114 211 
13126 8
3.26 2 2212 -321 
3.26 2 2112 -311 
18.33 2 3222 -211 
18.33 2 3212 111 
18.33 2 3112 211 
12.83 2 3224 -211 
12.83 2 3214 111 
12.83 2 3114 211 
23124 10
20 2 2212 -321 
20 2 2112 -311 
8 2 3222 -211 
8 2 3212 111 
8 2 3112 211 
9 2 2212 -323 
9 2 2112 -313 
6 2 3224 -211 
6 2 3214 111 
6 2 3114 211 
13216 8
15 2 2212 -321 
15 2 2112 -311 
2 2 3224 -211 
2 2 3114 211 
13 2 3222 -211 
13 2 3112 211 
25 2 3122 111 
15 2 3124 111 
13226 7
30 2 2212 -311 
2 2 3224 111 
2 2 3214 211 
25 2 3122 211 
13 2 3222 111 
13 2 3212 211 
15 2 3124 211 
13116 7
30 2 2112 -321 
2 2 3214 -211 
2 2 3114 111 
13 2 3212 -211 
13 2 3112 111 
25 2 3122 -211 
15 2 3124 -211 
23224 7
20 2 2212 -311 
10 2 3122 211 
20 2 3124 211 
10 2 3222 111 
10 2 3212 211 
15 2 3224 111 
15 2 3214 211 
23114 7
20 2 2112 -321 
10 2 3122 -211 
10 2 3112 111 
10 2 3212 -211 
15 2 3114 111 
15 2 3214 -211 
20 2 3124 -211 
23214 8
10 2 2212 -321 
10 2 2112 -311 
10 2 3122 111 
20 2 3124 111 
10 2 3222 -211 
10 2 3112 211 
15 2 3224 -211 
15 2 3114 211 
3118 11
24 2 2112 -321 
22 2 3122 -211 
4 2 3212 -211 
4 2 3112 111 
2 2 3312 311 
5 2 3214 -211 
5 2 3114 111 
15 2 3124 -211 
3.75 2 2114 -321 
11.25 2 1114 -311 
4 2 2112 -323 
3228 11
24 2 2212 -311 
22 2 3122 211 
4 2 3222 111 
4 2 3212 211 
2 2 3322 321 
5 2 3224 111 
5 2 3214 211 
15 2 3124 211 
11.25 2 2224 -321 
3.75 2 2214 -311 
4 2 2212 -313 
3218 14
12 2 2212 -321 
12 2 2112 -311 
22 2 3122 111 
4 2 3222 -211 
4 2 3112 211 
1 2 3322 311 
1 2 3312 321 
5 2 3224 -211 
5 2 3114 211 
15 2 3124 111 
7.5 2 2214 -321 
7.5 2 2114 -311 
2 2 2212 -323 
2 2 2112 -313 
3128 14
20 2 2212 -321 
20 2 2112 -311 
3 2 3222 -211 
3 2 3212 111 
3 2 3112 211 
3 2 3122 221 
1.5 2 3322 311 
1.5 2 3312 321 
7 2 3122 223 
10 2 2212 -323 
10 2 2112 -313 
6 2 3224 -211 
6 2 3214 111 
6 2 3114 211 
23126 7
12.5 2 2212 -321 
12.5 2 2112 -311 
9 2 3222 -211 
9 2 3212 111 
9 2 3112 211 
24 2 2212 -323 
24 2 2112 -313 
33224 4
10 2 -311 2212 
45 2 3122 211 
22.5 2 111 3222 
22.5 2 211 3212 
33214 5
5 2 2112 -311 
5 2 2212 -321 
45 2 3122 111 
22.5 2 211 3112 
22.5 2 -211 3222 
33114 4
10 2 2112 -321 
45 2 3122 -211 
22.5 2 111 3112 
22.5 2 -211 3212 
911 10
10 2 2212 -321 
10 2 2112 -311 
5 2 3222 -211 
5 2 3212 111 
5 2 3112 211 
5 2 3224 -211 
5 2 3214 111 
5 2 3114 211 
25 2 2212 -323 
25 2 2112 -313 
3322 1
99.522 2 3122 111 
3312 1
99.887 2 3122 -211 
3324 2
66.67 2 3312 211 
33.33 2 3322 111 
3314 2
33.33 2 3312 111 
66.67 2 3322 -211 
23324 5
34 2 3122 -311 
22 2 3222 -321 
11 2 3212 -311 
11 2 3322 111 
22 2 3312 211 
23314 5
34 2 3122 -321 
11 2 3212 -321 
22 2 3112 -311 
22 2 3322 -211 
11 2 3312 111 
13324 1
100 2 3122 -311 
13314 1
100 2 3122 -321 
33324 3
50 2 3122 -311 
16.7 2 3322 111 
33.3 2 3312 211 
33314 3
50 2 3122 -321 
16.7 2 3312 111 
33.3 2 3322 -211 
3316 3
20 2 3122 -321 
26.67 2 3212 -321 
53.33 2 3112 -311 
3326 3
20 2 3122 -311 
53.33 2 3222 -321 
26.67 2 3212 -311 
3334 3
67.8 2 3122 -321 
23.6 2 3322 -211 
8.6 2 3312 111 
13334 1
100 2 3324 -321 
