# PDG2014 list additionally containing stable nuclei and 
# a number of excited A = 4 and 5 states (reference: https://arxiv.org/abs/2004.04411)
#         pdgid                name         stable      mass[GeV]     degeneracy     statistics              B              Q              S              C            |S|            |C|     width[GeV] threshold[GeV]
            111                 pi0              1        0.13498              1             -1              0              0              0              0              0              0              0              0
            211                 pi+              1        0.13957              1             -1              0              1              0              0              0              0              0              0
        9000221             f0(500)              0          0.484              0             -1              0              0              0              0              0              0           0.51        0.27608
            130                 K0L              1        0.49767              0             -1              0              0              0              0              0              0              0              0
            310                 K0S              1        0.49767              0             -1              0              0              0              0              0              0              0       0.276313
            221                 eta              0         0.5473              1             -1              0              0              0              0        1.33333              0        0.00118       0.399583
            213                rho+              0         0.7711              3             -1              0              1              0              0              0              0         0.1492        0.27455
            113                rho0              0         0.7711              3             -1              0              0              0              0              0              0         0.1492        0.27914
            223          omega(782)              0        0.78257              3             -1              0              0              0              0              0              0        0.00844       0.388233
            331           eta'(958)              0        0.95778              1             -1              0              0              0              0        0.66667              0         0.0002       0.806483
        9010221             f0(980)              0           0.98              1             -1              0              0              0              0              0              0           0.07        0.27608
        9000211            a0(980)+              0         0.9847              1             -1              0              1              0              0              0              0          0.075        0.68687
        9000111            a0(980)0              0         0.9847              1             -1              0              0              0              0              0              0          0.075        0.68228
            333           phi(1020)              0        1.01946              3             -1              0              0              0              0              2              0        0.00426       0.896258
          10223            h1(1170)              0           1.17              3             -1              0              0              0              0              0              0           0.36        0.90914
          10113           b1(1235)0              0         1.2295              3             -1              0              0              0              0              0              0          0.142        0.91755
          10213           b1(1235)+              0         1.2295              3             -1              0              1              0              0              0              0          0.142        0.92214
          20113           a1(1260)0              0           1.23              3             -1              0              0              0              0              0              0          0.425        0.91067
          20213           a1(1260)+              0           1.23              3             -1              0              1              0              0              0              0          0.425       0.908375
            225            f2(1270)              0         1.2754              5             -1              0              0              0              0              0              0         0.1851       0.336754
          20223            f1(1285)              0         1.2819              3             -1              0              0              0              0              0              0          0.024       0.920847
         100221           eta(1295)              0          1.293              1             -1              0              0              0              0              0              0          0.055        0.82338
         100211           pi(1300)+              0            1.3              1             -1              0              1              0              0              0              0            0.4       0.908375
         100111           pi(1300)0              0            1.3              1             -1              0              0              0              0              0              0            0.4        0.91067
            215           a2(1320)+              0          1.318              5             -1              0              1              0              0              0              0          0.107       0.895941
            115           a2(1320)0              0          1.318              5             -1              0              0              0              0              0              0          0.107       0.897366
          10221            f0(1370)              0           1.35              1             -1              0              0              0              0              0              0           0.35        0.27608
        9000213          pi1(1400)+              0          1.351              3             -1              0              1              0              0              0              0           0.31        0.68687
        9000113          pi1(1400)0              0          1.351              3             -1              0              0              0              0              0              0           0.31        0.68228
        9020221           eta(1405)              0         1.4088              1             -1              0              0              0              0              0              0          0.051        1.08356
         100223         omega(1420)              0          1.419              3             -1              0              0              0              0              0              0          0.174        0.90914
          20333            f1(1420)              0         1.4263              3             -1              0              0              0              0              0              0         0.0555        1.38956
         100113          rho(1450)0              0          1.465              3             -1              0              0              0              0              0              0           0.31        0.27914
         100213          rho(1450)+              0          1.465              3             -1              0              1              0              0              0              0           0.31        0.27455
          10211           a0(1450)+              0          1.474              1             -1              0              1              0              0              0              0          0.265        0.92519
          10111           a0(1450)0              0          1.474              1             -1              0              0              0              0              0              0          0.265       0.922131
         100331           eta(1475)              0          1.476              1             -1              0              0              0              0              0              0          0.085        1.12862
        9030221            f0(1500)              0          1.507              1             -1              0              0              0              0              0              0          0.109        0.53701
            335           f2'(1525)              0          1.525              5             -1              0              0              0              0              0              0          0.076       0.995547
          10225          eta2(1645)              0          1.617              5             -1              0              0              0              0              0              0          0.181        1.47625
          30223         omega(1650)              0          1.649              3             -1              0              0              0              0              0              0           0.22        1.09922
        9010213          pi1(1600)+              0          1.662              3             -1              0              1              0              0              0              0           0.23        1.17819
        9010113          pi1(1600)0              0          1.662              3             -1              0              0              0              0              0              0           0.23        1.17819
            227        omega3(1670)              0          1.667              7             -1              0              0              0              0              0              0          0.168       0.983887
          10115          pi2(1670)0              0           1.67              5             -1              0              0              0              0              0              0          0.259        1.22001
          10215          pi2(1670)+              0           1.67              5             -1              0              1              0              0              0              0          0.259        1.22247
         100333           phi(1680)              0           1.68              3             -1              0              0              0              0              0              0           0.15        1.38956
            217         rho3(1690)+              0          1.691              7             -1              0              1              0              0              0              0          0.161       0.559913
            117         rho3(1690)0              0          1.691              7             -1              0              0              0              0              0              0          0.161       0.557715
          30113          rho(1700)0              0            1.7              3             -1              0              0              0              0              0              0           0.24       0.884739
          30213          rho(1700)+              0            1.7              3             -1              0              1              0              0              0              0           0.24         1.0468
          10331            f0(1710)              0          1.713              1             -1              0              0              0              0              0              0          0.125       0.787364
         200211           pi(1800)+              0          1.801              1             -1              0              1              0              0              0              0           0.21        1.31839
         200111           pi(1800)0              0          1.801              1             -1              0              0              0              0              0              0           0.21        1.31528
            337          phi3(1850)              0          1.854              7             -1              0              0              0              0              0              0          0.087        1.19045
          20215          pi2(1880)+              0          1.895              5             -1              0              1              0              0              0              0          0.235        1.67678
          20115           p2(1880)0              0          1.895              5             -1              0              0              0              0              0              0          0.235        1.67632
        9050225            f2(1950)              0          1.944              5             -1              0              0              0              0              0              0          0.472       0.745587
         100335            f2(2010)              0          2.011              5             -1              0              0              0              0              0              0          0.202        2.03892
            119           a4(2040)0              0          2.011              9             -1              0              0              0              0              0              0           0.36        0.83483
            219           a4(2040)+              0          2.011              9             -1              0              1              0              0              0              0           0.36       0.837125
            229            f4(2050)              0          2.025              9             -1              0              0              0              0              0              0          0.194        1.33496
         200333           phi(2170)              0          2.175              3             -1              0              0              0              0              0              0          0.061        1.98341
        9060225            f2(2300)              0          2.297              5             -1              0              0              0              0              0              0          0.149        2.03892
        9070225            f2(2340)              0          2.339              5             -1              0              0              0              0              0              0          0.319        2.03892
            321                  K+              1        0.49368              1             -1              0              1              1              0              1              0              0              0
            311                  K0              0        0.49767              1             -1              0              0              1              0              1              0              0        0.49767
            323         Kstar(892)+              0        0.89166              3             -1              0              1              1              0              1              0         0.0508        0.63438
            313         Kstar(892)0              0         0.8961              3             -1              0              0              1              0              1              0         0.0507        0.63305
          10313           K1(1270)0              0          1.273              3             -1              0              0              1              0              1              0           0.09        1.32702
          10323           K1(1270)+              0          1.273              3             -1              0              1              1              0              1              0           0.09        1.32726
          20313           K1(1400)0              0          1.402              3             -1              0              0              1              0              1              0          0.174        1.05705
          20323           K1(1400)+              0          1.402              3             -1              0              1              1              0              1              0          0.174        1.05836
          10321       K0star(1430)+              0          1.412              1             -1              0              1              1              0              1              0          0.294        0.63438
          10311       K0star(1430)0              0          1.412              1             -1              0              0              1              0              1              0          0.294       0.661884
         100323        Kstar(1410)+              0          1.414              3             -1              0              1              1              0              1              0          0.232        1.02046
         100313        Kstar(1410)0              0          1.414              3             -1              0              0              1              0              1              0          0.232          1.019
            325       K2star(1430)+              0         1.4256              5             -1              0              1              1              0              1              0         0.0985       0.878917
            315       K2star(1430)0              0         1.4324              5             -1              0              0              1              0              1              0          0.109       0.879508
          30313        Kstar(1680)0              0          1.717              3             -1              0              0              1              0              1              0          0.322       0.950873
          30323        Kstar(1680)+              0          1.717              3             -1              0              1              1              0              1              0          0.322       0.952242
          10325           K2(1770)+              0          1.773              5             -1              0              1              1              0              1              0          0.186        1.56817
          10315           K2(1770)0              0          1.773              5             -1              0              0              1              0              1              0          0.186        1.56591
            327       K3star(1780)+              0          1.776              7             -1              0              1              1              0              1              0          0.159        1.06619
            317       K3star(1780)0              0          1.776              7             -1              0              0              1              0              1              0          0.159        1.06615
          20325           K2(1820)+              0          1.816              5             -1              0              1              1              0              1              0          0.276        1.41154
          20315           K2(1820)0              0          1.816              5             -1              0              0              1              0              1              0          0.276         1.4126
            319       K4star(2045)0              0          2.045              9             -1              0              0              1              0              1              0          0.198        1.18451
            329       K4star(2045)+              0          2.045              9             -1              0              1              1              0              1              0          0.198        1.18441
           2212                   p              1        0.93827              2              1              1              1              0              0              0              0              0              0
           2112                   n              1        0.93956              2              1              1              0              0              0              0              0              0              0
           2114        Delta(1232)0              0          1.232              4              1              1              0              0              0              0              0           0.12        1.07564
           2224       Delta(1232)++              0          1.232              4              1              1              2              0              0              0              0           0.12        1.07784
           1114        Delta(1232)-              0          1.232              4              1              1             -1              0              0              0              0           0.12        1.07913
           2214        Delta(1232)+              0          1.232              4              1              1              1              0              0              0              0           0.12        1.07521
          12112            N(1440)0              0           1.44              2              1              1              0              0              0              0              0           0.35        1.18634
          12212            N(1440)+              0           1.44              2              1              1              1              0              0              0              0           0.35         1.1866
           1214            N(1520)0              0           1.52              4              1              1              0              0              0              0              0           0.12        1.26895
           2124            N(1520)+              0           1.52              4              1              1              1              0              0              0              0           0.12        1.26926
          22212            N(1535)+              0          1.535              2              1              1              1              0              0              0              0           0.15        1.30486
          22112            N(1535)0              0          1.535              2              1              1              0              0              0              0              0           0.15        1.30527
          31114        Delta(1600)-              0            1.6              4              1              1             -1              0              0              0              0           0.35        1.34644
          32114        Delta(1600)0              0            1.6              4              1              1              0              0              0              0              0           0.35        1.34744
          32214        Delta(1600)+              0            1.6              4              1              1              1              0              0              0              0           0.35        1.34738
          32224       Delta(1600)++              0            1.6              4              1              1              2              0              0              0              0           0.35        1.34625
           1212        Delta(1620)0              0           1.62              2              1              1              0              0              0              0              0           0.15         1.3031
           2122        Delta(1620)+              0           1.62              2              1              1              1              0              0              0              0           0.15        1.30297
           2222       Delta(1620)++              0           1.62              2              1              1              2              0              0              0              0           0.15         1.3026
           1112        Delta(1620)-              0           1.62              2              1              1             -1              0              0              0              0           0.15        1.30299
          32212            N(1650)+              0           1.65              2              1              1              1              0              0              0              0           0.15        1.22266
          32112            N(1650)0              0           1.65              2              1              1              0              0              0              0              0           0.15        1.22271
           2216            N(1675)+              0          1.675              6              1              1              1              0              0              0              0           0.15        1.25503
           2116            N(1675)0              0          1.675              6              1              1              0              0              0              0              0           0.15        1.25486
          12116            N(1680)0              0           1.68              6              1              1              0              0              0              0              0           0.13        1.18153
          12216            N(1680)+              0           1.68              6              1              1              1              0              0              0              0           0.13         1.1818
          12214        Delta(1700)+              0            1.7              4              1              1              1              0              0              0              0            0.3         1.4481
          22124            N(1700)+              0            1.7              4              1              1              1              0              0              0              0            0.1        1.20496
          12224       Delta(1700)++              0            1.7              4              1              1              2              0              0              0              0            0.3        1.44734
          21214            N(1700)0              0            1.7              4              1              1              0              0              0              0              0            0.1        1.20535
          12114        Delta(1700)0              0            1.7              4              1              1              0              0              0              0              0            0.3         1.4483
          11114        Delta(1700)-              0            1.7              4              1              1             -1              0              0              0              0            0.3        1.44796
          42112            N(1710)0              0           1.71              2              1              1              0              0              0              0              0            0.1          1.393
          42212            N(1710)+              0           1.71              2              1              1              1              0              0              0              0            0.1        1.39232
          31214            N(1720)0              0           1.72              4              1              1              0              0              0              0              0           0.15        1.61768
          32124            N(1720)+              0           1.72              4              1              1              1              0              0              0              0           0.15        1.61771
        2111875            N(1875)0              0          1.875              4              1              1              0              0              0              0              0           0.25        1.42927
        2211875            N(1875)+              0          1.875              4              1              1              1              0              0              0              0           0.25        1.42901
        2211900            N(1900)+              0            1.9              4              1              1              1              0              0              0              0            0.2        1.44002
        2111900            N(1900)0              0            1.9              4              1              1              0              0              0              0              0            0.2        1.44075
           2226       Delta(1905)++              0          1.905              6              1              1              2              0              0              0              0           0.35        1.34673
           1216        Delta(1905)0              0          1.905              6              1              1              0              0              0              0              0           0.35        1.34874
           1116        Delta(1905)-              0          1.905              6              1              1             -1              0              0              0              0           0.35        1.34685
           2126        Delta(1905)+              0          1.905              6              1              1              1              0              0              0              0           0.35         1.3487
          21112        Delta(1910)-              0           1.91              2              1              1             -1              0              0              0              0           0.25        1.34699
          22222       Delta(1910)++              0           1.91              2              1              1              2              0              0              0              0           0.25        1.34668
          21212        Delta(1910)0              0           1.91              2              1              1              0              0              0              0              0           0.25        1.34735
          22122        Delta(1910)+              0           1.91              2              1              1              1              0              0              0              0           0.25        1.34725
          22114        Delta(1920)0              0           1.92              4              1              1              0              0              0              0              0            0.2        1.36772
          22214        Delta(1920)+              0           1.92              4              1              1              1              0              0              0              0            0.2        1.36766
          21114        Delta(1920)-              0           1.92              4              1              1             -1              0              0              0              0            0.2        1.36641
          22224       Delta(1920)++              0           1.92              4              1              1              2              0              0              0              0            0.2        1.36622
          11116        Delta(1930)-              0           1.93              6              1              1             -1              0              0              0              0           0.35        1.46691
          12226       Delta(1930)++              0           1.93              6              1              1              2              0              0              0              0           0.35        1.46629
          11216        Delta(1930)0              0           1.93              6              1              1              0              0              0              0              0           0.35        1.46734
          12126        Delta(1930)+              0           1.93              6              1              1              1              0              0              0              0           0.35        1.46714
           2218        Delta(1950)+              0           1.95              8              1              1              1              0              0              0              0            0.3        1.28256
           1118        Delta(1950)-              0           1.95              8              1              1             -1              0              0              0              0            0.3        1.28353
           2228       Delta(1950)++              0           1.95              8              1              1              2              0              0              0              0            0.3        1.20878
           2118        Delta(1950)0              0           1.95              8              1              1              0              0              0              0              0            0.3        1.28276
           1218            N(2190)0              0           2.19              8              1              1              0              0              0              0              0           0.45        1.43396
           2128            N(2190)+              0           2.19              8              1              1              1              0              0              0              0           0.45         1.4338
             92            N(2220)0              0           2.22             10              1              1              0              0              0              0              0            0.4        1.35152
             91            N(2220)+              0           2.22             10              1              1              1              0              0              0              0            0.4        1.35135
             94            N(2250)0              0           2.25             10              1              1              0              0              0              0              0            0.4        1.46549
             93            N(2250)+              0           2.25             10              1              1              1              0              0              0              0            0.4        1.46534
             98        Delta(2420)+              0           2.42             12              1              1              1              0              0              0              0            0.4        1.41325
             97       Delta(2420)++              0           2.42             12              1              1              2              0              0              0              0            0.4        1.41193
             99        Delta(2420)0              0           2.42             12              1              1              0              0              0              0              0            0.4        1.41329
            910        Delta(2420)-              0           2.42             12              1              1             -1              0              0              0              0            0.4        1.41205
             96            N(2600)0              0            2.6             12              1              1              0              0              0              0              0           0.65        1.49131
             95            N(2600)+              0            2.6             12              1              1              1              0              0              0              0           0.65        1.49109
           3122              Lambda              1        1.11568              2              1              1              0             -1              0              1              0              0        1.07666
           3222              Sigma+              1        1.18937              2              1              1              1             -1              0              1              0              0        1.07609
           3212              Sigma0              0        1.19264              2              1              1              0             -1              0              1              0              0        1.11568
           3112              Sigma-              1        1.19745              2              1              1             -1             -1              0              1              0              0        1.07913
           3224        Sigma(1385)+              0         1.3828              4              1              1              1             -1              0              1              0         0.0358        1.26401
           3214        Sigma(1385)0              0         1.3837              4              1              1              0             -1              0              1              0          0.036        1.26054
           3114        Sigma(1385)-              0         1.3872              4              1              1             -1             -1              0              1              0         0.0394         1.2645
          13122        Lambda(1405)              0          1.406              2              1              1              0             -1              0              1              0           0.05        1.33119
           3124        Lambda(1520)              0         1.5195              4              1              1              0             -1              0              1              0         0.0156        1.38387
          23122        Lambda(1600)              0            1.6              2              1              1              0             -1              0              1              0           0.15        1.37255
          13112        Sigma(1660)-              0           1.66              2              1              1             -1             -1              0              1              0            0.1        1.34957
          13222        Sigma(1660)+              0           1.66              2              1              1              1             -1              0              1              0            0.1        1.34943
          13212        Sigma(1660)0              0           1.66              2              1              1              0             -1              0              1              0            0.1        1.34893
          13214        Sigma(1670)0              0           1.67              4              1              1              0             -1              0              1              0           0.06        1.33684
          13224        Sigma(1670)+              0           1.67              4              1              1              1             -1              0              1              0           0.06        1.33521
          13114        Sigma(1670)-              0           1.67              4              1              1             -1             -1              0              1              0           0.06        1.33709
          33122        Lambda(1670)              0           1.67              2              1              1              0             -1              0              1              0          0.035        1.42525
          13124        Lambda(1690)              0           1.69              4              1              1              0             -1              0              1              0           0.06        1.39908
          23222        Sigma(1750)+              0           1.75              2              1              1              1             -1              0              1              0           0.09        1.58371
          23212        Sigma(1750)0              0           1.75              2              1              1              0             -1              0              1              0           0.09        1.58524
          23112        Sigma(1750)-              0           1.75              2              1              1             -1             -1              0              1              0           0.09        1.58715
           3216        Sigma(1775)0              0          1.775              6              1              1              0             -1              0              1              0           0.12        1.45255
           3116        Sigma(1775)-              0          1.775              6              1              1             -1             -1              0              1              0           0.12        1.45355
           3226        Sigma(1775)+              0          1.775              6              1              1              1             -1              0              1              0           0.12        1.45431
          43122        Lambda(1800)              0            1.8              2              1              1              0             -1              0              1              0            0.3        1.39246
          53122        Lambda(1810)              0           1.81              2              1              1              0             -1              0              1              0           0.15        1.57702
           3126        Lambda(1820)              0           1.82              6              1              1              0             -1              0              1              0           0.08        1.42654
          13126        Lambda(1830)              0           1.83              6              1              1              0             -1              0              1              0          0.095        1.41161
          23124        Lambda(1890)              0           1.89              4              1              1              0             -1              0              1              0            0.1        1.49729
          13216        Sigma(1915)0              0          1.915              6              1              1              0             -1              0              1              0           0.12        1.39877
          13226        Sigma(1915)+              0          1.915              6              1              1              1             -1              0              1              0           0.12        1.39963
          13116        Sigma(1915)-              0          1.915              6              1              1             -1             -1              0              1              0           0.12        1.39996
          23224        Sigma(1940)+              0           1.94              4              1              1              1             -1              0              1              0           0.22        1.46634
          23114        Sigma(1940)-              0           1.94              4              1              1             -1             -1              0              1              0           0.22        1.46727
          23214        Sigma(1940)0              0           1.94              4              1              1              0             -1              0              1              0           0.22        1.46685
           3118        Sigma(2030)-              0           2.03              8              1              1             -1             -1              0              1              0           0.18        1.49678
           3228        Sigma(2030)+              0           2.03              8              1              1              1             -1              0              1              0           0.18         1.4965
           3218        Sigma(2030)0              0           2.03              8              1              1              0             -1              0              1              0           0.18        1.49545
           3128        Lambda(2100)              0            2.1              8              1              1              0             -1              0              1              0            0.2        1.57145
          23126        Lambda(2110)              0           2.11              6              1              1              0             -1              0              1              0            0.2        1.59781
          33114        Sigma(2250)-              0           2.25              4              1              1             -1             -1              0              1              0            0.1        1.30773
          33214        Sigma(2250)0              0           2.25              1              1              1              0             -1              0              1              0            0.1         1.3061
          33224        Sigma(2250)+              0           2.25              4              1              1              1             -1              0              1              0            0.1        1.30618
            911        Lambda(2350)              0           2.35             10              1              1              0             -1              0              1              0           0.15        1.63139
           3322                Ksi0              1        1.31483              2              1              1              0             -2              0              2              0              0        1.25066
           3312                Ksi-              1        1.32131              2              1              1             -1             -2              0              2              0              0        1.25525
           3324          Ksi(1530)0              0         1.5318              4              1              1              0             -2              0              2              0         0.0091        1.45719
           3314          Ksi(1530)-              0          1.535              4              1              1             -1             -2              0              2              0         0.0099        1.45503
          23324          Ksi(1690)0              0           1.69              4              1              1              0             -2              0              2              0           0.03        1.58534
          23314          Ksi(1690)-              0           1.69              4              1              1             -1             -2              0              2              0           0.03        1.58553
          13324          Ksi(1820)0              0          1.823              4              1              1              0             -2              0              2              0          0.024        1.61335
          13314          Ksi(1820)-              0          1.823              4              1              1             -1             -2              0              2              0          0.024        1.60936
          33314          Ksi(1950)-              0           1.95              4              1              1             -1             -2              0              2              0           0.06         1.5322
          33324          Ksi(1950)0              0           1.95              4              1              1              0             -2              0              2              0           0.06        1.53527
           3326          Ksi(2030)0              0          2.025              6              1              1              0             -2              0              2              0           0.02        1.67105
           3316          Ksi(2030)-              0          2.025              6              1              1             -1             -2              0              2              0           0.02        1.67562
           3334               Omega              1        1.67245              4              1              1             -1             -3              0              3              0              0        1.55963
          13334         Omega(2250)              0          2.252              4              1              1             -1             -3              0              3              0          0.055        2.02548
     1000010020                   d              1        1.87561              3             -1              2              1              0              0              0              0              0              0
     1000020030                 He3              1        2.80839              2              1              3              2              0              0              0              0              0              0
     1000010030                  H3              1        2.80892              2              1              3              1              0              0              0              0              0              0
     1010010030         HyperTriton              1        2.99114              2              1              3              1             -1              0              1              0              0              0
     1000020040                 He4              1        3.72738              1             -1              4              2              0              0              0              0              0              0
   100002004001              He4(1)              0        3.74759              1             -1              4              2              0              0              0              0         0.0005        3.74719
   100002004002              He4(2)              0        3.74839              1             -1              4              2              0              0              0              0        0.00084        3.74737
   100002004003              He4(3)              0        3.74922              5             -1              4              2              0              0              0              0        0.00201        3.74747
     1000030040                 Li4              0        3.75073              5             -1              4              3              0              0              0              0          0.006        3.74666
     1000010040                  H4              0        3.75168              5             -1              4              1              0              0              0              0        0.00328        3.74848
   100003004001              Li4(1)              0        3.75105              3             -1              4              3              0              0              0              0        0.00735        3.74666
   101001004001               H4(1)              0        3.75199              3             -1              4              1              0              0              0              0        0.00673        3.74848
   100002004004              He4(4)              0        3.75071              5             -1              4              2              0              0              0              0        0.00501        3.74755
   100002004005              He4(5)              0        3.75102              3             -1              4              2              0              0              0              0         0.0062        3.74753
   100002004006              He4(6)              0        3.75163              3             -1              4              2              0              0              0              0         0.0061        3.74767
   100003004002              Li4(2)              0        3.75281              1             -1              4              3              0              0              0              0        0.00935        3.74666
   101001004002               H4(2)              0        3.75376              1             -1              4              1              0              0              0              0        0.00892        3.74848
   100003004003              Li4(3)              0        3.75358              3             -1              4              3              0              0              0              0        0.01351        3.74666
   100002004007              He4(7)              0        3.75266              1             -1              4              2              0              0              0              0        0.00797        3.74755
   101001004003               H4(3)              0        3.75451              3             -1              4              1              0              0              0              0        0.01299        3.74848
   100002004008              He4(8)              0        3.75333              3             -1              4              2              0              0              0              0        0.01266        3.74755
   100002004009              He4(9)              0         3.7548              5             -1              4              2              0              0              0              0        0.00869          3.751
   100002004010             He4(10)              0        3.75569              3             -1              4              2              0              0              0              0        0.00989        3.74775
   100002004011             He4(11)              0        3.75575              3             -1              4              2              0              0              0              0        0.00392        3.75107
   100002004012             He4(12)              0        3.75577              5             -1              4              2              0              0              0              0        0.00875        3.75121
   100002004013             He4(13)              0        3.75602              1             -1              4              2              0              0              0              0        0.00489        3.75122
   100002004014             He4(14)              0        3.75605              5             -1              4              2              0              0              0              0        0.00378        3.75122
   100002004015             He4(15)              0        3.75727              5             -1              4              2              0              0              0              0        0.00972        3.75119
     1010020040         HyperHelium              1        3.92119              1             -1              4              2             -1              0              1              0              0              0
     1010010040      HyperHydrogen4              1         3.9225              1             -1              4              1             -1              0              1              0              0              0
     1000030050                 Li5              0        4.66734              4              1              5              3              0              0              0              0              0        4.66565
     1000020050                 He5              0        4.66774              4              1              5              2              0              0              0              0        0.00065        4.66694
   100003005001              Li5(1)              0        4.66883              2              1              5              3              0              0              0              0         0.0066        4.66565
   100002005001              He5(1)              0        4.66901              2              1              5              2              0              0              0              0         0.0055        4.66694
    10000305002              Li5(2)              0        4.68421              4              1              5              3              0              0              0              0              0        4.67849
   100002005002              He5(2)              0        4.68458              4              1              5              2              0              0              0              0              0        4.67398
     1000010050                  H5              0        4.69104              2              1              5              1              0              0              0              0              0        4.68804
     1010020050        HyperHelium5              1         4.8399              2              1              5              2             -1              0              1              0              0              0
