# List of eigenvolume parameters to be used in the Diagonal excluded-volume HRG model
# Only particles with a non-zero eigenvolume parameter are listed here
#           pdg      v_i[fm^3]
            111       0.301387
            211       0.311636
           -211       0.311636
        9000221        1.08069
           -321         1.1023
            321         1.1023
            130        1.11121
            310        1.11121
            311        1.11121
           -311        1.11121
            221        1.22203
            213        1.72174
           -213        1.72174
            113        1.72174
            223        1.74735
           -323        1.99093
            323        1.99093
            313        2.00084
           -313        2.00084
           2212          2.095
          -2212          2.095
           2112        2.09788
          -2112        2.09788
            331        2.13856
        9010221        2.18817
        9000211        2.19867
       -9000211        2.19867
        9000111        2.19867
            333        2.27628
          -3122        2.49112
           3122        2.49112
          10223        2.61241
           3222        2.65566
          -3222        2.65566
          -3212        2.66296
           3212        2.66296
          -3112         2.6737
           3112         2.6737
         -10213        2.74527
          10213        2.74527
          10113        2.74527
         -20213        2.74638
          20213        2.74638
          20113        2.74638
           2224        2.75085
          -2224        2.75085
           1114        2.75085
          -1114        2.75085
           2214        2.75085
          -2214        2.75085
          -2114        2.75085
           2114        2.75085
          10323        2.84239
         -10313        2.84239
          10313        2.84239
         -10323        2.84239
            225        2.84775
          20223        2.86227
         100221        2.88705
         100111        2.90268
        -100211        2.90268
         100211        2.90268
          -3322        2.93579
           3322        2.93579
           -215        2.94287
            215        2.94287
            115        2.94287
          -3312        2.95026
           3312        2.95026
          10221        3.01432
        9000213        3.01655
       -9000213        3.01655
        9000113        3.01655
          -3224        3.08756
           3224        3.08756
          -3214        3.08957
           3214        3.08957
          -3114        3.09738
           3114        3.09738
         -20313        3.13043
         -20323        3.13043
          20313        3.13043
          20323        3.13043
         -13122        3.13936
          13122        3.13936
        9020221        3.14561
          10321        3.15276
         -10321        3.15276
         -10311        3.15276
          10311        3.15276
        -100323        3.15722
         100323        3.15722
        -100313        3.15722
         100313        3.15722
         100223        3.16839
            325        3.18312
           -325        3.18312
          20333        3.18469
            315        3.19831
           -315        3.19831
         -12212        3.21528
          12212        3.21528
         -12112        3.21528
          12112        3.21528
        -100213         3.2711
         100213         3.2711
         100113         3.2711
          10211        3.29119
         -10211        3.29119
          10111        3.29119
         100331        3.29566
        9030221        3.36488
          -3124        3.39279
           3124        3.39279
          -2124         3.3939
           2124         3.3939
          -1214         3.3939
           1214         3.3939
            335        3.40507
           3324        3.42025
          -3324        3.42025
          22112        3.42739
         -22112        3.42739
         -22212        3.42739
          22212        3.42739
           3314        3.42739
          -3314        3.42739
         -31114        3.57253
         -32224        3.57253
          32224        3.57253
         -32214        3.57253
          32214        3.57253
         -32114        3.57253
          32114        3.57253
          31114        3.57253
         -23122        3.57253
          23122        3.57253
          10225        3.61049
           2122        3.61719
          -2122        3.61719
           2222        3.61719
          -2222        3.61719
          -1112        3.61719
           1112        3.61719
           1212        3.61719
          -1212        3.61719
          30223        3.68194
         -32112        3.68417
          32112        3.68417
         -32212        3.68417
          32212        3.68417
         -13212         3.7065
         -13112         3.7065
          13212         3.7065
         -13222         3.7065
          13222         3.7065
          13112         3.7065
       -9010213        3.71096
        9010213        3.71096
        9010113        3.71096
            227        3.72213
          13114        3.72883
         -13214        3.72883
          13224        3.72883
          10115        3.72883
          13214        3.72883
         -13224        3.72883
         -33122        3.72883
          33122        3.72883
         -13114        3.72883
          10215        3.72883
         -10215        3.72883
          -3334         3.7343
           3334         3.7343
          -2216        3.73999
          -2116        3.73999
           2116        3.73999
           2216        3.73999
          12116        3.75116
         -12116        3.75116
          12216        3.75116
         -12216        3.75116
         100333        3.75116
         -23314        3.77348
          23324        3.77348
         -23324        3.77348
          13124        3.77348
         -13124        3.77348
          23314        3.77348
            117        3.77572
           -217        3.77572
            217        3.77572
          30113        3.79581
          30213        3.79581
         -11114        3.79581
         -30213        3.79581
          12214        3.79581
         -12214        3.79581
          22124        3.79581
         -22124        3.79581
          12224        3.79581
         -12224        3.79581
          21214        3.79581
         -21214        3.79581
          12114        3.79581
         -12114        3.79581
          11114        3.79581
         -42212        3.81814
          42212        3.81814
         -42112        3.81814
          42112        3.81814
          10331        3.82484
         -30323        3.83377
          30323        3.83377
         -30313        3.83377
          30313        3.83377
         -31214        3.84047
         -32124        3.84047
          32124        3.84047
          31214        3.84047
         -23222        3.90745
          23212        3.90745
         -23212        3.90745
          23112        3.90745
         -23112        3.90745
          23222        3.90745
          10325        3.95881
         -10325        3.95881
          10315        3.95881
         -10315        3.95881
           3116        3.96327
           3216        3.96327
          -3216        3.96327
          -3116        3.96327
           3226        3.96327
          -3226        3.96327
           -327        3.96551
            317        3.96551
            327        3.96551
           -317        3.96551
          43122         4.0191
         -43122         4.0191
        -200211        4.02133
         200111        4.02133
         200211        4.02133
          53122        4.04142
         -53122        4.04142
         -20315        4.05482
          20315        4.05482
         -20325        4.05482
          20325        4.05482
           3126        4.06375
          -3126        4.06375
          13324        4.07045
         -13324        4.07045
          13314        4.07045
         -13314        4.07045
          13126        4.08608
         -13126        4.08608
            337        4.13967
        2211875        4.18656
       -2111875        4.18656
        2111875        4.18656
       -2211875        4.18656
    -1000010020        4.18792
     1000010020        4.18792
          23124        4.22005
         -23124        4.22005
          20215        4.23121
         -20215        4.23121
          20115        4.23121
       -2211900        4.24238
        2111900        4.24238
       -2111900        4.24238
        2211900        4.24238
          -1116        4.25354
           1116        4.25354
           2126        4.25354
          -2126        4.25354
           2226        4.25354
          -2226        4.25354
           1216        4.25354
          -1216        4.25354
          22222        4.26471
         -22122        4.26471
          21112        4.26471
         -21112        4.26471
          22122        4.26471
         -21212        4.26471
          21212        4.26471
         -22222        4.26471
          13216        4.27587
         -13216        4.27587
          13226        4.27587
         -13226        4.27587
         -13116        4.27587
          13116        4.27587
          22224        4.28703
          22114        4.28703
         -22114        4.28703
          22214        4.28703
         -22214        4.28703
          21114        4.28703
         -21114        4.28703
         -22224        4.28703
         -12226        4.30936
          11116        4.30936
         -11116        4.30936
          12226        4.30936
          11216        4.30936
         -11216        4.30936
          12126        4.30936
         -12126        4.30936
         -23214        4.33169
          23114        4.33169
         -23224        4.33169
          23224        4.33169
         -23114        4.33169
          23214        4.33169
        9050225        4.34062
          -2218        4.35402
           1118        4.35402
          -1118        4.35402
           2228        4.35402
          -2228        4.35402
           2118        4.35402
          -2118        4.35402
          33314        4.35402
         -33314        4.35402
          33324        4.35402
         -33324        4.35402
           2218        4.35402
           -219        4.49022
            219        4.49022
            119        4.49022
         100335        4.49022
           3326        4.52148
            229        4.52148
          -3316        4.52148
           3316        4.52148
          -3326        4.52148
          -3118        4.53265
           3118        4.53265
           3218        4.53265
          -3218        4.53265
          -3228        4.53265
           3228        4.53265
           -319        4.56614
            319        4.56614
            329        4.56614
           -329        4.56614
    -1010000020        4.59293
     1010000020        4.59293
           3128        4.68894
          -3128        4.68894
          23126        4.71127
         -23126        4.71127
         200333        4.85641
           1218         4.8899
          -1218         4.8899
           2128         4.8899
          -2128         4.8899
            -92        4.95688
             91        4.95688
             92        4.95688
            -91        4.95688
    -1020000020        4.98145
     1020000020        4.98145
         -33214        5.02387
          33114        5.02387
         -33114        5.02387
          33214        5.02387
          33224        5.02387
             93        5.02387
            -94        5.02387
             94        5.02387
         -33224        5.02387
            -93        5.02387
         -13334        5.02833
          13334        5.02833
    -1010010020        5.03503
     1010010020        5.03503
        9060225        5.12881
        9070225        5.22259
           -911        5.24715
            911        5.24715
             99        5.40345
            -99        5.40345
            910        5.40345
           -910        5.40345
             97        5.40345
            -98        5.40345
            -97        5.40345
             98        5.40345
            -95        5.80536
             95        5.80536
             96        5.80536
            -96        5.80536
     1000020030        6.27066
    -1000020030        6.27066
     1000010030        6.27184
    -1000010030        6.27184
     1010010030        6.67871
    -1010010030        6.67871
     1000020040        8.32261
    -1000020040        8.32261
     1010020040        8.75535
    -1010020040        8.75535
     1010010040        8.75828
    -1010010040        8.75828
     1010020050        10.8067
    -1010020050        10.8067
