# List of eigenvolume parameters to be used in the Diagonal excluded-volume HRG model
# Only particles with a non-zero eigenvolume parameter are listed here
#           pdg      v_i[fm^3]
            111       0.301381
            211       0.311636
           -211       0.311636
        9000221        1.06059
            321         1.1023
           -321         1.1023
           -311        1.11108
            311        1.11108
            221        1.22328
            113        1.73102
            213        1.73102
           -213        1.73102
            223        1.74752
           -323         1.9995
            323         1.9995
           -313        1.99961
            313        1.99961
           2212          2.095
          -2212          2.095
          -2112        2.09789
           2112        2.09789
            331        2.13856
        9000111        2.18817
        9000211        2.18817
       -9000211        2.18817
        9010221         2.2105
            333        2.27628
           3122        2.49112
          -3122        2.49112
          10223        2.60348
          -3222        2.65566
           3222        2.65566
           3212        2.66296
          -3212        2.66296
           3112         2.6737
          -3112         2.6737
          10113        2.74527
          10213        2.74527
         -10213        2.74527
          20113        2.74638
          20213        2.74638
         -20213        2.74638
          -2114        2.75085
          -1114        2.75085
           2224        2.75085
           2114        2.75085
          -2224        2.75085
           1114        2.75085
          -2214        2.75085
           2214        2.75085
         -10313        2.79774
          10323        2.79774
         -10323        2.79774
          10313        2.79774
            225        2.84798
          20223        2.86227
         100221        2.88928
        -100211        2.90268
         100211        2.90268
         100111        2.90268
           3322        2.93586
          -3322        2.93586
           -215        2.94041
            215        2.94041
            115        2.94041
           3312        2.95115
          -3312        2.95115
          10221        3.01432
       -9000213        3.02325
        9000213        3.02325
        9000113        3.02325
          -3224        3.08756
           3224        3.08756
           3214        3.08957
          -3214        3.08957
           3114        3.09738
          -3114        3.09738
         -20323        3.13266
          20323        3.13266
         -20313        3.13266
          20313        3.13266
          13122        3.13735
         -13122        3.13735
        9020221        3.14561
        -100323        3.15722
         100323        3.15722
        -100313        3.15722
         100313        3.15722
          10333        3.16169
         100223        3.16839
          20333        3.18469
           -325        3.18692
            325        3.18692
         -10311        3.19295
          10311        3.19295
         -10321        3.19295
          10321        3.19295
           -315        3.19831
            315        3.19831
          12212        3.21528
          12112        3.21528
         -12112        3.21528
         -12212        3.21528
         100113         3.2711
        -100213         3.2711
         100213         3.2711
          10111        3.29119
          10211        3.29119
         -10211        3.29119
         100331        3.29343
        9030221        3.36264
          -1214        3.38274
           2124        3.38274
           1214        3.38274
          -2124        3.38274
            335         3.3881
          -3124        3.39167
           3124        3.39167
         -22112        3.41623
          22212        3.41623
          22112        3.41623
         -22212        3.41623
           3324        3.42025
          -3324        3.42025
           3314        3.42739
          -3314        3.42739
         -32114        3.50554
          32214        3.50554
         -31114        3.50554
          31114        3.50554
          32114        3.50554
         -32224        3.50554
          32224        3.50554
         -32214        3.50554
         -23122        3.57253
          23122        3.57253
           2122        3.59486
          -2222        3.59486
           1212        3.59486
          -1112        3.59486
           2222        3.59486
          -2122        3.59486
          -1212        3.59486
           1112        3.59486
          10225        3.61049
         -32212        3.68417
          32212        3.68417
          32112        3.68417
         -32112        3.68417
       -9020213        3.69533
        9020213        3.69533
        9020113        3.69533
       -9010213         3.7065
          13212         3.7065
         -13212         3.7065
          13222         3.7065
          13112         3.7065
        9010213         3.7065
        9010113         3.7065
         -13112         3.7065
         -13222         3.7065
            227        3.72213
          30223        3.72883
         -10215        3.73017
          10215        3.73017
          10115        3.73017
           3334         3.7343
          -3334         3.7343
         -33122        3.73776
          33122        3.73776
           2116        3.73999
         -13114        3.73999
         -13224        3.73999
          13224        3.73999
         -13214        3.73999
          13214        3.73999
          13114        3.73999
          -2116        3.73999
           2216        3.73999
          -2216        3.73999
         100333        3.75116
         -12116        3.76232
          12116        3.76232
          12216        3.76232
         -12216        3.76232
            117         3.7708
            217         3.7708
           -217         3.7708
         -13124        3.77348
         203312        3.77348
        -203322        3.77348
         203322        3.77348
        -203312        3.77348
          13124        3.77348
        9000215        3.79581
       -9000215        3.79581
        9000115        3.79581
          10331        3.80474
          12114        3.81814
         -12114        3.81814
          12214        3.81814
         -12214        3.81814
          12224        3.81814
          42112        3.81814
         -42112        3.81814
          42212        3.81814
         -42212        3.81814
         -12224        3.81814
          11114        3.81814
         -11114        3.81814
          30323          3.836
          30313          3.836
         -30323          3.836
         -30313          3.836
         -32124        3.84047
          32124        3.84047
          31214        3.84047
         -22124        3.84047
          22124        3.84047
         -21214        3.84047
          21214        3.84047
         -30213        3.84047
          30113        3.84047
          30213        3.84047
         -31214        3.84047
          23222        3.90745
         -23212        3.90745
          23212        3.90745
         -23112        3.90745
          23112        3.90745
         -23222        3.90745
         -10315        3.95881
          10325        3.95881
         -10325        3.95881
          10315        3.95881
          -3116        3.96327
           3216        3.96327
          -3216        3.96327
           3226        3.96327
           3116        3.96327
          -3226        3.96327
           -327        3.96551
            327        3.96551
           -317        3.96551
            317        3.96551
         -53122        3.99677
          53122        3.99677
         -43122         4.0191
          43122         4.0191
        9010111        4.04142
        9010211        4.04142
       -9010211        4.04142
          20325        4.06152
         -20325        4.06152
          20315        4.06152
         -20315        4.06152
           3126        4.06375
          -3126        4.06375
          13314        4.07045
         -13314        4.07045
         -13324        4.07045
          13324        4.07045
          13126        4.07492
         -13126        4.07492
          10335        4.11287
            337        4.13967
         -11212        4.15306
          12122        4.15306
         -12122        4.15306
          12222        4.15306
         -11112        4.15306
          11112        4.15306
         -12222        4.15306
          11212        4.15306
           -421        4.16385
            421        4.16385
           -411        4.17461
            411        4.17461
       -9902114        4.18656
        9902114        4.18656
       -9902214        4.18656
        9902214        4.18656
     1000010020        4.18792
    -1000010020        4.18792
        9902112        4.19772
           2226        4.19772
          -2126        4.19772
       -9902112        4.19772
        9902212        4.19772
           1216        4.19772
           2126        4.19772
          -1216        4.19772
          -1116        4.19772
           1116        4.19772
       -9902212        4.19772
          -2226        4.19772
         -23124        4.22005
          23124        4.22005
       -9912112        4.23121
       -9912212        4.23121
        9912112        4.23121
          20115        4.23121
          20215        4.23121
         -20215        4.23121
        9912212        4.23121
         -22222        4.24238
          21112        4.24238
          21212        4.24238
         -21212        4.24238
         -21112        4.24238
          22122        4.24238
         -22122        4.24238
          22222        4.24238
         -23214        4.26471
         -23224        4.26471
          23224        4.26471
          23114        4.26471
         -23114        4.26471
          23214        4.26471
          13116        4.27587
         -13116        4.27587
          13216        4.27587
         -13226        4.27587
          13226        4.27587
         -13216        4.27587
         -21114        4.28703
         -22114        4.28703
          22114        4.28703
          21114        4.28703
         -22224        4.28703
       -9912214        4.28703
        9912214        4.28703
       -9912114        4.28703
        9912114        4.28703
          22224        4.28703
         -22214        4.28703
          22214        4.28703
          -2228        4.30936
           2228        4.30936
          -2218        4.30936
           2218        4.30936
          -2118        4.30936
           2118        4.30936
          -1118        4.30936
           1118        4.30936
        9050225        4.32276
        -103326        4.35402
         -12226        4.35402
          12226        4.35402
         -12126        4.35402
          12126        4.35402
         -11216        4.35402
          11216        4.35402
         -11116        4.35402
          11116        4.35402
         103316        4.35402
        -103316        4.35402
         103326        4.35402
           -219        4.39198
            119        4.39198
            219        4.39198
           -431        4.39497
            431        4.39497
           -423        4.48096
            423        4.48096
        9060225        4.48799
            413        4.48857
           -413        4.48857
       -9903334        4.49335
        9903334        4.49335
            229        4.50585
        -203316        4.52148
         203326        4.52148
        -203326        4.52148
         203316        4.52148
          -3118        4.53265
           3118        4.53265
          -3228        4.53265
           3228        4.53265
           3218        4.53265
          -3218        4.53265
            319        4.57284
           -319        4.57284
            329        4.57284
           -329        4.57284
    -1010010020         4.5907
     1010010020         4.5907
     1010000020        4.59293
    -1010000020        4.59293
          23126        4.66662
         -23126        4.66662
       -9902116        4.68894
        9922212        4.68894
        9902116        4.68894
       -9902216        4.68894
       -9922212        4.68894
          -3128        4.68894
       -9922112        4.68894
        9922112        4.68894
           3128        4.68894
        9902216        4.68894
            433        4.71618
           -433        4.71618
       -9922114         4.7336
        9922214         4.7336
       -9922214         4.7336
        9922114         4.7336
         200333        4.85641
          -1218        4.86757
           1218        4.86757
          -2128        4.86757
           2128        4.86757
        9901118        4.91223
       -9901118        4.91223
        9901218        4.91223
       -9901218        4.91223
        9902128        4.91223
       -9902128        4.91223
        9902228        4.91223
       -9902228        4.91223
       99022110        4.96805
      -99022110        4.96805
       99021110        4.96805
      -99021110        4.96805
    -1020000020        4.98145
     1020000020        4.98145
         -33224        5.02387
          33224        5.02387
     1020010020        5.02387
    -1020010020        5.02387
         -33214        5.02387
          33214        5.02387
         -33114        5.02387
          33114        5.02387
        -203338        5.02833
         203338        5.02833
      -99121110        5.09085
      -99122110        5.09085
       99121110        5.09085
       99122110        5.09085
           4122        5.10528
          -4122        5.10528
        9080225        5.12881
          10421        5.13551
         -10421        5.13551
          10431        5.17525
         -10431        5.17525
        9090225        5.24715
      -99031210        5.24715
       99031210        5.24715
       99011112        5.40345
      -99021212        5.40345
      -99012112        5.40345
       99012112        5.40345
       99022212        5.40345
       99021212        5.40345
      -99011112        5.40345
      -99022212        5.40345
          10423        5.40524
         -10423        5.40524
          -4212        5.47691
           4212        5.47691
          -4112        5.47881
           4112        5.47881
          -4222         5.4793
           4222         5.4793
          20433        5.49165
         -20433        5.49165
            425        5.49433
           -425        5.49433
            415        5.50482
           -415        5.50482
          -4232        5.51049
           4232        5.51049
           4132         5.5171
          -4132         5.5171
           4214        5.62115
          -4214        5.62115
           4224        5.62318
          -4224        5.62318
           4114        5.62334
          -4114        5.62334
         -10433        5.66047
          10433        5.66047
            435        5.73637
           -435        5.73637
           4322        5.75713
          -4322        5.75713
           4312        5.75892
          -4312        5.75892
         -14122        5.78806
          14122        5.78806
      -99022112        5.80536
       99021112        5.80536
       99022112        5.80536
      -99021112        5.80536
    -1030000020        5.82322
     1030000020        5.82322
     1040000020        5.86788
    -1040000020        5.86788
         104122        5.86812
        -104122        5.86812
           4324        5.90709
          -4324        5.90709
          -4314        5.90892
           4314        5.90892
          -4332        6.01793
           4332        6.01793
           4334        6.17579
          -4334        6.17579
        -104324        6.23496
         104324        6.23496
        -104314        6.23875
         104314        6.23875
     1000020030        6.27066
    -1000020030        6.27066
     1000010030        6.27184
    -1000010030        6.27184
         104322         6.2893
        -104322         6.2893
         104312        6.29714
        -104312        6.29714
         204126        6.43419
        -204126        6.43419
            441        6.66254
    -1010010030        6.67871
     1010010030        6.67871
            443        6.91485
          10441        7.62447
          20443        7.83873
          10443        7.87158
            445        7.94033
         100441        8.12192
         100443        8.23044
    -1000020040        8.32261
     1000020040        8.32261
  -100002004001        8.36773
   100002004001        8.36773
  -100002004002        8.36952
   100002004002        8.36952
   100002004003        8.37137
  -100002004003        8.37137
   100002004004         8.3747
  -100002004004         8.3747
     1000030040        8.37474
    -1000030040        8.37474
   100002004005        8.37539
  -100002004005        8.37539
   100003004001        8.37546
  -100003004001        8.37546
   100002004006        8.37675
  -100002004006        8.37675
    -1000010040        8.37687
     1000010040        8.37687
   101001004001        8.37756
  -101001004001        8.37756
  -100002004007        8.37905
   100002004007        8.37905
  -100003004002        8.37939
   100003004002        8.37939
  -100002004008        8.38055
   100002004008        8.38055
   100003004003        8.38111
  -100003004003        8.38111
   101001004002        8.38151
  -101001004002        8.38151
  -101001004003        8.38318
   101001004003        8.38318
  -100002004009        8.38383
   100002004009        8.38383
  -100002004010        8.38582
   100002004010        8.38582
  -100002004011        8.38595
   100002004011        8.38595
  -100002004012          8.386
   100002004012          8.386
  -100002004013        8.38656
   100002004013        8.38656
  -100002004014        8.38662
   100002004014        8.38662
   100002004015        8.38935
  -100002004015        8.38935
          30443        8.42603
    -1010020040        8.75535
     1010020040        8.75535
         100445        8.75761
    -1010010040        8.75828
     1010010040        8.75828
        9000443         9.0184
        9010443        9.35779
        9020443        9.87134
    -1000030050        10.4214
     1000030050        10.4214
    -1000020050        10.4223
     1000020050        10.4223
  -100003005001        10.4247
   100003005001        10.4247
   100002005001        10.4251
  -100002005001        10.4251
    10000305002         10.459
   -10000305002         10.459
   100002005002        10.4599
  -100002005002        10.4599
     1000010050        10.4743
    -1000010050        10.4743
    -1010020050        10.8067
     1010020050        10.8067
