# List of eigenvolume parameters to be used in the Diagonal excluded-volume HRG model
# Only particles with a non-zero eigenvolume parameter are listed here
#           pdg      v_i[fm^3]
           2212       0.452389
          -2212       0.452389
          -2112       0.452389
           2112       0.452389
           3122       0.452389
          -3122       0.452389
          -3222       0.452389
           3222       0.452389
           3212       0.452389
          -3212       0.452389
           3112       0.452389
          -3112       0.452389
          -2114       0.452389
          -1114       0.452389
           2224       0.452389
           2114       0.452389
          -2224       0.452389
           1114       0.452389
          -2214       0.452389
           2214       0.452389
           3322       0.452389
          -3322       0.452389
           3312       0.452389
          -3312       0.452389
          -3224       0.452389
           3224       0.452389
           3214       0.452389
          -3214       0.452389
           3114       0.452389
          -3114       0.452389
          13122       0.452389
         -13122       0.452389
          12212       0.452389
          12112       0.452389
         -12112       0.452389
         -12212       0.452389
          -1214       0.452389
           2124       0.452389
           1214       0.452389
          -2124       0.452389
          -3124       0.452389
           3124       0.452389
         -22112       0.452389
          22212       0.452389
          22112       0.452389
         -22212       0.452389
           3324       0.452389
          -3324       0.452389
           3314       0.452389
          -3314       0.452389
         -32114       0.452389
          32214       0.452389
         -31114       0.452389
          31114       0.452389
          32114       0.452389
         -32224       0.452389
          32224       0.452389
         -32214       0.452389
         -23122       0.452389
          23122       0.452389
           2122       0.452389
          -2222       0.452389
           1212       0.452389
          -1112       0.452389
           2222       0.452389
          -2122       0.452389
          -1212       0.452389
           1112       0.452389
         -32212       0.452389
          32212       0.452389
          32112       0.452389
         -32112       0.452389
          13212       0.452389
         -13212       0.452389
          13222       0.452389
          13112       0.452389
         -13112       0.452389
         -13222       0.452389
           3334       0.452389
          -3334       0.452389
         -33122       0.452389
          33122       0.452389
           2116       0.452389
         -13114       0.452389
         -13224       0.452389
          13224       0.452389
         -13214       0.452389
          13214       0.452389
          13114       0.452389
          -2116       0.452389
           2216       0.452389
          -2216       0.452389
         -12116       0.452389
          12116       0.452389
          12216       0.452389
         -12216       0.452389
         -13124       0.452389
         203312       0.452389
        -203322       0.452389
         203322       0.452389
        -203312       0.452389
          13124       0.452389
          12114       0.452389
         -12114       0.452389
          12214       0.452389
         -12214       0.452389
          12224       0.452389
          42112       0.452389
         -42112       0.452389
          42212       0.452389
         -42212       0.452389
         -12224       0.452389
          11114       0.452389
         -11114       0.452389
         -32124       0.452389
          32124       0.452389
          31214       0.452389
         -22124       0.452389
          22124       0.452389
         -21214       0.452389
          21214       0.452389
         -31214       0.452389
          23222       0.452389
         -23212       0.452389
          23212       0.452389
         -23112       0.452389
          23112       0.452389
         -23222       0.452389
          -3116       0.452389
           3216       0.452389
          -3216       0.452389
           3226       0.452389
           3116       0.452389
          -3226       0.452389
         -53122       0.452389
          53122       0.452389
         -43122       0.452389
          43122       0.452389
           3126       0.452389
          -3126       0.452389
          13314       0.452389
         -13314       0.452389
         -13324       0.452389
          13324       0.452389
          13126       0.452389
         -13126       0.452389
         -11212       0.452389
          12122       0.452389
         -12122       0.452389
          12222       0.452389
         -11112       0.452389
          11112       0.452389
         -12222       0.452389
          11212       0.452389
       -9902114       0.452389
        9902114       0.452389
       -9902214       0.452389
        9902214       0.452389
     1000010020       0.904779
    -1000010020       0.904779
        9902112       0.452389
           2226       0.452389
          -2126       0.452389
       -9902112       0.452389
        9902212       0.452389
           1216       0.452389
           2126       0.452389
          -1216       0.452389
          -1116       0.452389
           1116       0.452389
       -9902212       0.452389
          -2226       0.452389
         -23124       0.452389
          23124       0.452389
       -9912112       0.452389
       -9912212       0.452389
        9912112       0.452389
        9912212       0.452389
         -22222       0.452389
          21112       0.452389
          21212       0.452389
         -21212       0.452389
         -21112       0.452389
          22122       0.452389
         -22122       0.452389
          22222       0.452389
         -23214       0.452389
         -23224       0.452389
          23224       0.452389
          23114       0.452389
         -23114       0.452389
          23214       0.452389
          13116       0.452389
         -13116       0.452389
          13216       0.452389
         -13226       0.452389
          13226       0.452389
         -13216       0.452389
         -21114       0.452389
         -22114       0.452389
          22114       0.452389
          21114       0.452389
         -22224       0.452389
       -9912214       0.452389
        9912214       0.452389
       -9912114       0.452389
        9912114       0.452389
          22224       0.452389
         -22214       0.452389
          22214       0.452389
          -2228       0.452389
           2228       0.452389
          -2218       0.452389
           2218       0.452389
          -2118       0.452389
           2118       0.452389
          -1118       0.452389
           1118       0.452389
        -103326       0.452389
         -12226       0.452389
          12226       0.452389
         -12126       0.452389
          12126       0.452389
         -11216       0.452389
          11216       0.452389
         -11116       0.452389
          11116       0.452389
         103316       0.452389
        -103316       0.452389
         103326       0.452389
       -9903334       0.452389
        9903334       0.452389
        -203316       0.452389
         203326       0.452389
        -203326       0.452389
         203316       0.452389
          -3118       0.452389
           3118       0.452389
          -3228       0.452389
           3228       0.452389
           3218       0.452389
          -3218       0.452389
    -1010010020       0.904779
     1010010020       0.904779
     1010000020       0.904779
    -1010000020       0.904779
          23126       0.452389
         -23126       0.452389
       -9902116       0.452389
        9922212       0.452389
        9902116       0.452389
       -9902216       0.452389
       -9922212       0.452389
          -3128       0.452389
       -9922112       0.452389
        9922112       0.452389
           3128       0.452389
        9902216       0.452389
       -9922114       0.452389
        9922214       0.452389
       -9922214       0.452389
        9922114       0.452389
          -1218       0.452389
           1218       0.452389
          -2128       0.452389
           2128       0.452389
        9901118       0.452389
       -9901118       0.452389
        9901218       0.452389
       -9901218       0.452389
        9902128       0.452389
       -9902128       0.452389
        9902228       0.452389
       -9902228       0.452389
       99022110       0.452389
      -99022110       0.452389
       99021110       0.452389
      -99021110       0.452389
    -1020000020       0.904779
     1020000020       0.904779
         -33224       0.452389
          33224       0.452389
     1020010020       0.904779
    -1020010020       0.904779
         -33214       0.452389
          33214       0.452389
         -33114       0.452389
          33114       0.452389
        -203338       0.452389
         203338       0.452389
      -99121110       0.452389
      -99122110       0.452389
       99121110       0.452389
       99122110       0.452389
           4122       0.452389
          -4122       0.452389
      -99031210       0.452389
       99031210       0.452389
       99011112       0.452389
      -99021212       0.452389
      -99012112       0.452389
       99012112       0.452389
       99022212       0.452389
       99021212       0.452389
      -99011112       0.452389
      -99022212       0.452389
          -4212       0.452389
           4212       0.452389
          -4112       0.452389
           4112       0.452389
          -4222       0.452389
           4222       0.452389
          -4232       0.452389
           4232       0.452389
           4132       0.452389
          -4132       0.452389
           4214       0.452389
          -4214       0.452389
           4224       0.452389
          -4224       0.452389
           4114       0.452389
          -4114       0.452389
           4322       0.452389
          -4322       0.452389
           4312       0.452389
          -4312       0.452389
         -14122       0.452389
          14122       0.452389
      -99022112       0.452389
       99021112       0.452389
       99022112       0.452389
      -99021112       0.452389
    -1030000020       0.904779
     1030000020       0.904779
     1040000020       0.904779
    -1040000020       0.904779
         104122       0.452389
        -104122       0.452389
           4324       0.452389
          -4324       0.452389
          -4314       0.452389
           4314       0.452389
          -4332       0.452389
           4332       0.452389
           4334       0.452389
          -4334       0.452389
        -104324       0.452389
         104324       0.452389
        -104314       0.452389
         104314       0.452389
     1000020030        1.35717
    -1000020030        1.35717
     1000010030        1.35717
    -1000010030        1.35717
         104322       0.452389
        -104322       0.452389
         104312       0.452389
        -104312       0.452389
         204126       0.452389
        -204126       0.452389
    -1010010030        1.35717
     1010010030        1.35717
    -1000020040        1.80956
     1000020040        1.80956
  -100002004001        1.80956
   100002004001        1.80956
  -100002004002        1.80956
   100002004002        1.80956
   100002004003        1.80956
  -100002004003        1.80956
   100002004004        1.80956
  -100002004004        1.80956
     1000030040        1.80956
    -1000030040        1.80956
   100002004005        1.80956
  -100002004005        1.80956
   100003004001        1.80956
  -100003004001        1.80956
   100002004006        1.80956
  -100002004006        1.80956
    -1000010040        1.80956
     1000010040        1.80956
   101001004001        1.80956
  -101001004001        1.80956
  -100002004007        1.80956
   100002004007        1.80956
  -100003004002        1.80956
   100003004002        1.80956
  -100002004008        1.80956
   100002004008        1.80956
   100003004003        1.80956
  -100003004003        1.80956
   101001004002        1.80956
  -101001004002        1.80956
  -101001004003        1.80956
   101001004003        1.80956
  -100002004009        1.80956
   100002004009        1.80956
  -100002004010        1.80956
   100002004010        1.80956
  -100002004011        1.80956
   100002004011        1.80956
  -100002004012        1.80956
   100002004012        1.80956
  -100002004013        1.80956
   100002004013        1.80956
  -100002004014        1.80956
   100002004014        1.80956
   100002004015        1.80956
  -100002004015        1.80956
    -1010020040        1.80956
     1010020040        1.80956
    -1010010040        1.80956
     1010010040        1.80956
    -1000030050        2.26195
     1000030050        2.26195
    -1000020050        2.26195
     1000020050        2.26195
  -100003005001        2.26195
   100003005001        2.26195
   100002005001        2.26195
  -100002005001        2.26195
    10000305002        2.26195
   -10000305002        2.26195
   100002005002        2.26195
  -100002005002        2.26195
     1000010050        2.26195
    -1000010050        2.26195
    -1010020050        2.26195
     1010020050        2.26195
