# List of eigenvolume parameters to be used in the Diagonal excluded-volume HRG model
# Only particles with a non-zero eigenvolume parameter are listed here
#           pdg      v_i[fm^3]
            111       0.283657
            211       0.293309
           -211       0.293309
        9000221       0.998223
            321        2.80539
           -321        2.80539
           -311        2.78321
            311        2.78321
            221        1.15134
            113        1.62923
            213        1.62923
           -213        1.62923
            223        1.64476
           -323        1.54657
            323        1.54657
           -313        1.54649
            313        1.54649
           2212         1.9718
          -2212         1.9718
          -2112        1.97452
           2112        1.97452
            331         2.0128
        9000111        2.05949
        9000211        2.05949
       -9000211        2.05949
        9010221        2.08051
            333        2.14242
           3122        1.24136
          -3122        1.24136
          10223        2.45037
          -3222        1.16445
           3222        1.16445
           3212        1.16125
          -3212        1.16125
           3112        1.15659
          -3112        1.15659
          10113        2.58382
          10213        2.58382
         -10213        2.58382
          20113        2.58487
          20213        2.58487
         -20213        2.58487
          -2114        2.58908
          -1114        2.58908
           2224        2.58908
           2114        2.58908
          -2224        2.58908
           1114        2.58908
          -2214        2.58908
           2214        2.58908
         -10313        1.10531
          10323        1.10531
         -10323        1.10531
          10313        1.10531
            225        2.68049
          20223        2.69394
         100221        2.71937
        -100211        2.73198
         100211        2.73198
         100111        2.73198
           3322        1.05331
          -3322        1.05331
           -215        2.76749
            215        2.76749
            115        2.76749
           3312        1.04785
          -3312        1.04785
          10221        2.83706
       -9000213        2.84546
        9000213        2.84546
        9000113        2.84546
          -3224        1.00156
           3224        1.00156
           3214        1.00091
          -3214        1.00091
           3114       0.998383
          -3114       0.998383
         -20323       0.987139
          20323       0.987139
         -20313       0.987139
          20313       0.987139
          13122       0.985664
         -13122       0.985664
        9020221        2.96062
        -100323        0.97946
         100323        0.97946
        -100313        0.97946
         100313        0.97946
          10333        2.97576
         100223        2.98206
          20333         2.9974
           -325       0.970333
            325       0.970333
         -10311       0.968501
          10311       0.968501
         -10321       0.968501
          10321       0.968501
           -315       0.966878
            315       0.966878
          12212        3.02619
          12112        3.02619
         -12112        3.02619
         -12212        3.02619
         100113        3.07873
        -100213        3.07873
         100213        3.07873
          10111        3.09764
          10211        3.09764
         -10211        3.09764
         100331        3.09975
        9030221        3.16489
          -1214        3.18381
           2124        3.18381
           1214        3.18381
          -2124        3.18381
            335        3.18885
          -3124       0.911755
           3124       0.911755
         -22112        3.21533
          22212        3.21533
          22112        3.21533
         -22212        3.21533
           3324       0.904137
          -3324       0.904137
           3314       0.902252
          -3314       0.902252
         -32114        3.29939
          32214        3.29939
         -31114        3.29939
          31114        3.29939
          32114        3.29939
         -32224        3.29939
          32224        3.29939
         -32214        3.29939
         -23122       0.865598
          23122       0.865598
           2122        3.38345
          -2222        3.38345
           1212        3.38345
          -1112        3.38345
           2222        3.38345
          -2122        3.38345
          -1212        3.38345
           1112        3.38345
          10225        3.39816
         -32212        3.46751
          32212        3.46751
          32112        3.46751
         -32112        3.46751
       -9020213        3.47802
        9020213        3.47802
        9020113        3.47802
       -9010213        3.48853
          13212       0.834311
         -13212       0.834311
          13222       0.834311
          13112       0.834311
        9010213        3.48853
        9010113        3.48853
         -13112       0.834311
         -13222       0.834311
            227        3.50324
          30223        3.50954
         -10215         3.5108
          10215         3.5108
          10115         3.5108
           3334         0.8281
          -3334         0.8281
         -33122       0.827334
          33122       0.827334
           2116        3.52005
         -13114        0.82684
         -13224        0.82684
          13224        0.82684
         -13214        0.82684
          13214        0.82684
          13114        0.82684
          -2116        3.52005
           2216        3.52005
          -2216        3.52005
         100333        3.53056
         -12116        3.54107
          12116        3.54107
          12216        3.54107
         -12216        3.54107
            117        3.54905
            217        3.54905
           -217        3.54905
         -13124       0.819501
         203312       0.819501
        -203322       0.819501
         203322       0.819501
        -203312       0.819501
          13124       0.819501
        9000215        3.57259
       -9000215        3.57259
        9000115        3.57259
          10331        3.58099
          12114         3.5936
         -12114         3.5936
          12214         3.5936
         -12214         3.5936
          12224         3.5936
          42112         3.5936
         -42112         3.5936
          42212         3.5936
         -42212         3.5936
         -12224         3.5936
          11114         3.5936
         -11114         3.5936
          30323       0.806145
          30313       0.806145
         -30323       0.806145
         -30313       0.806145
         -32124        3.61462
          32124        3.61462
          31214        3.61462
         -22124        3.61462
          22124        3.61462
         -21214        3.61462
          21214        3.61462
         -30213        3.61462
          30113        3.61462
          30213        3.61462
         -31214        3.61462
          23222       0.791404
         -23212       0.791404
          23212       0.791404
         -23112       0.791404
          23112       0.791404
         -23222       0.791404
         -10315       0.781137
          10325       0.781137
         -10325       0.781137
          10315       0.781137
          -3116       0.780257
           3216       0.780257
          -3216       0.780257
           3226       0.780257
           3116       0.780257
          -3226       0.780257
           -327       0.779818
            327       0.779818
           -317       0.779818
            317       0.779818
         -53122       0.773719
          53122       0.773719
         -43122        0.76942
          43122        0.76942
        9010111        3.80376
        9010211        3.80376
       -9010211        3.80376
          20325       0.761383
         -20325       0.761383
          20315       0.761383
         -20315       0.761383
           3126       0.760965
          -3126       0.760965
          13314       0.759713
         -13314       0.759713
         -13324       0.759713
          13324       0.759713
          13126        0.75888
         -13126        0.75888
          10335          3.871
            337        3.89622
         -11212        3.90883
          12122        3.90883
         -12122        3.90883
          12222        3.90883
         -11112        3.90883
          11112        3.90883
         -12222        3.90883
          11212        3.90883
           -421        3.91898
            421        3.91898
           -411        3.92911
            411        3.92911
       -9902114        3.94035
        9902114        3.94035
       -9902214        3.94035
        9902214        3.94035
     1000010020        3.94164
    -1000010020        3.94164
        9902112        3.95086
           2226        3.95086
          -2126        3.95086
       -9902112        3.95086
        9902212        3.95086
           1216        3.95086
           2126        3.95086
          -1216        3.95086
          -1116        3.95086
           1116        3.95086
       -9902212        3.95086
          -2226        3.95086
         -23124       0.732781
          23124       0.732781
       -9912112        3.98238
       -9912212        3.98238
        9912112        3.98238
          20115        3.98238
          20215        3.98238
         -20215        3.98238
        9912212        3.98238
         -22222        3.99289
          21112        3.99289
          21212        3.99289
         -21212        3.99289
         -21112        3.99289
          22122        3.99289
         -22122        3.99289
          22222        3.99289
         -23214       0.725108
         -23224       0.725108
          23224       0.725108
          23114       0.725108
         -23114       0.725108
          23214       0.725108
          13116       0.723215
         -13116       0.723215
          13216       0.723215
         -13226       0.723215
          13226       0.723215
         -13216       0.723215
         -21114        4.03492
         -22114        4.03492
          22114        4.03492
          21114        4.03492
         -22224        4.03492
       -9912214        4.03492
        9912214        4.03492
       -9912114        4.03492
        9912114        4.03492
          22224        4.03492
         -22214        4.03492
          22214        4.03492
          -2228        4.05594
           2228        4.05594
          -2218        4.05594
           2218        4.05594
          -2118        4.05594
           2118        4.05594
          -1118        4.05594
           1118        4.05594
        9050225        4.06855
        -103326       0.710234
         -12226        4.09797
          12226        4.09797
         -12126        4.09797
          12126        4.09797
         -11216        4.09797
          11216        4.09797
         -11116        4.09797
          11116        4.09797
         103316       0.710234
        -103316       0.710234
         103326       0.710234
           -219        4.13369
            119        4.13369
            219        4.13369
           -431       0.703616
            431       0.703616
           -423        4.21744
            423        4.21744
        9060225        4.22406
            413        4.22461
           -413        4.22461
       -9903334       0.688211
        9903334       0.688211
            229        4.24087
        -203316       0.683929
         203326       0.683929
        -203326       0.683929
         203316       0.683929
          -3118       0.682245
           3118       0.682245
          -3228       0.682245
           3228       0.682245
           3218       0.682245
          -3218       0.682245
            319       0.676248
           -319       0.676248
            329       0.676248
           -329       0.676248
    -1010010020       0.673617
     1010010020       0.673617
     1010000020       0.673289
    -1010000020       0.673289
          23126       0.662659
         -23126       0.662659
       -9902116         4.4132
        9922212         4.4132
        9902116         4.4132
       -9902216         4.4132
       -9922212         4.4132
          -3128       0.659503
       -9922112         4.4132
        9922112         4.4132
           3128       0.659503
        9902216         4.4132
            433       0.655694
           -433       0.655694
       -9922114        4.45523
        9922214        4.45523
       -9922214        4.45523
        9922114        4.45523
         200333        4.57081
          -1218        4.58132
           1218        4.58132
          -2128        4.58132
           2128        4.58132
        9901118        4.62335
       -9901118        4.62335
        9901218        4.62335
       -9901218        4.62335
        9902128        4.62335
       -9902128        4.62335
        9902228        4.62335
       -9902228        4.62335
       99022110        4.67589
      -99022110        4.67589
       99021110        4.67589
      -99021110        4.67589
    -1020000020       0.620778
     1020000020       0.620778
         -33224       0.615536
          33224       0.615536
     1020010020       0.615536
    -1020010020       0.615536
         -33214       0.615536
          33214       0.615536
         -33114       0.615536
          33114       0.615536
        -203338        0.61499
         203338        0.61499
      -99121110        4.79147
      -99122110        4.79147
       99121110        4.79147
       99122110        4.79147
           4122        4.80505
          -4122        4.80505
        9080225         4.8272
          10421         4.8335
         -10421         4.8335
          10431       0.597531
         -10431       0.597531
        9090225        4.93858
      -99031210       0.589343
       99031210       0.589343
       99011112        5.08568
      -99021212        5.08568
      -99012112        5.08568
       99012112        5.08568
       99022212        5.08568
       99021212        5.08568
      -99011112        5.08568
      -99022212        5.08568
          10423        5.08737
         -10423        5.08737
          -4212        5.15482
           4212        5.15482
          -4112        5.15661
           4112        5.15661
          -4222        5.15707
           4222        5.15707
          20433       0.563105
         -20433       0.563105
            425        5.17122
           -425        5.17122
            415        5.18109
           -415        5.18109
          -4232       0.561179
           4232       0.561179
           4132       0.560507
          -4132       0.560507
           4214        5.29058
          -4214        5.29058
           4224        5.29249
          -4224        5.29249
           4114        5.29264
          -4114        5.29264
         -10433        0.54631
          10433        0.54631
            435       0.539082
           -435       0.539082
           4322       0.537138
          -4322       0.537138
           4312       0.536971
          -4312       0.536971
         -14122        5.44767
          14122        5.44767
      -99022112        5.46396
       99021112        5.46396
       99022112        5.46396
      -99021112        5.46396
    -1030000020       0.531042
     1030000020       0.531042
     1040000020          0.527
    -1040000020          0.527
         104122        5.52303
        -104122        5.52303
           4324       0.523502
          -4324       0.523502
          -4314        0.52334
           4314        0.52334
          -4332        0.51386
           4332        0.51386
           4334       0.500725
          -4334       0.500725
        -104324       0.495974
         104324       0.495974
        -104314       0.495672
         104314       0.495672
     1000020030        5.90189
    -1000020030        5.90189
     1000010030        5.90301
    -1000010030        5.90301
         104322       0.491688
        -104322       0.491688
         104312       0.491076
        -104312       0.491076
         204126        6.05581
        -204126        6.05581
            441        6.27073
    -1010010030        0.46302
     1010010030        0.46302
            443         6.5082
          10441        7.17609
          20443        7.37775
          10443        7.40866
            445        7.47337
         100441        7.64429
         100443        7.74642
    -1000020040        7.83317
     1000020040        7.83317
  -100002004001        7.87564
   100002004001        7.87564
  -100002004002        7.87733
   100002004002        7.87733
   100002004003        7.87907
  -100002004003        7.87907
   100002004004         7.8822
  -100002004004         7.8822
     1000030040        7.88224
    -1000030040        7.88224
   100002004005        7.88285
  -100002004005        7.88285
   100003004001        7.88292
  -100003004001        7.88292
   100002004006        7.88413
  -100002004006        7.88413
    -1000010040        7.88424
     1000010040        7.88424
   101001004001        7.88489
  -101001004001        7.88489
  -100002004007         7.8863
   100002004007         7.8863
  -100003004002        7.88661
   100003004002        7.88661
  -100002004008        7.88771
   100002004008        7.88771
   100003004003        7.88823
  -100003004003        7.88823
   101001004002        7.88861
  -101001004002        7.88861
  -101001004003        7.89019
   101001004003        7.89019
  -100002004009         7.8908
   100002004009         7.8908
  -100002004010        7.89267
   100002004010        7.89267
  -100002004011        7.89279
   100002004011        7.89279
  -100002004012        7.89283
   100002004012        7.89283
  -100002004013        7.89336
   100002004013        7.89336
  -100002004014        7.89342
   100002004014        7.89342
   100002004015        7.89599
  -100002004015        7.89599
          30443        7.93051
    -1010020040       0.353198
     1010020040       0.353198
         100445        8.24259
    -1010010040        0.35308
     1010010040        0.35308
        9000443        8.48805
        9010443        8.80748
        9020443        9.29083
    -1000030050        9.80852
     1000030050        9.80852
    -1000020050        9.80936
     1000020050        9.80936
  -100003005001        9.81165
   100003005001        9.81165
   100002005001        9.81203
  -100002005001        9.81203
    10000305002        9.84397
   -10000305002        9.84397
   100002005002        9.84475
  -100002005002        9.84475
     1000010050        9.85833
    -1000010050        9.85833
    -1010020050       0.286154
     1010020050       0.286154
